6555
2688
8502
9943
9845
3075
3773
2885
4790
974
9251
2103
2814
2778
795
7825
1191
5696
3682
4852
9046
561
2635
4934
2547
9299
6017
2664
1370
4943
5058
280
2950
7378
5167
6520
946
5255
9946
223
9580
2315
893
1099
2339
7108
8488
5430
7826
6585
6264
1337
1459
2417
244
694
9676
697
877
9409
105
307
4234
6665
9887
2992
8459
2255
1005
4887
5068
2640
6827
8630
4083
4975
7213
8027
7981
8941
4168
9479
2741
8868
211
9422
174
8321
5179
8952
3672
2766
7046
6559
1074
3472
24
9305
2698
5041
5274
7038
5090
2648
390
1215
1062
2183
346
1087
7415
381
6962
7443
7609
27
5285
6455
5047
7320
436
495
4770
2071
1808
1378
2990
1795
5735
3308
4809
852
2999
5323
1620
2271
2974
3311
3899
379
2922
6699
1355
3758
2107
977
7419
405
2206
4946
297
5633
6218
4801
5328
3108
7991
6774
8523
8683
5832
6344
5840
5065
5461
6953
780
5669
9597
2496
2059
6607
8826
5782
4467
9032
614
2110
4616
8738
8152
4797
1747
7358
8279
7067
3052
1065
5449
6310
6014
4433
7120
7483
3570
3049
9330
800
1583
3738
318
3852
4955
1107
314
7243
8690
2899
8510
3677
5218
4470
5888
3485
2236
2973
931
3010
2461
474
5319
7570
7278
7932
6858
3661
5804
9002
3297
2913
6765
9382
3423
511
9050
9324
4163
4375
9461
7223
1295
3369
9153
3163
2937
6147
7520
1936
9740
2221
4961
1940
1096
9507
7607
1571
7503
2581
7660
3442
523
562
3074
5737
5589
5768
7401
508
6424
1470
8867
605
4632
8821
3136
3087
5690
8803
4677
3054
287
9694
136
5437
7326
1801
6427
2928
9827
9203
7506
9452
6784
8992
3312
4571
6434
5230
4014
1756
4552
3437
2915
491
7720
6936
752
5341
5265
2825
3525
5119
1190
652
9835
791
4434
8153
6070
2794
6816
1488
386
371
3039
4197
4191
4309
9585
7784
5011
4293
8397
6982
1177
7626
1157
4307
1544
1049
2767
1902
3827
6122
1692
7965
5996
8628
4896
4266
170
2089
3440
2131
4969
3269
2074
9748
6095
8045
4827
7541
4844
5209
6447
9239
1688
8099
6551
2286
46
6306
5263
9271
6811
2617
1617
9998
9738
2282
9379
6528
4850
8373
5045
1331
4342
3725
635
1346
3628
7500
9367
9493
1058
6986
7559
9247
5663
1820
5189
7222
957
7786
6952
5480
2106
1051
6718
1577
4590
1379
9947
8202
1134
2502
1854
3995
3492
185
6365
1089
2558
819
9741
2120
7270
1919
4463
6157
2966
6687
9560
5098
7879
3044
7536
1996
4142
832
7649
5471
1428
9557
2053
8552
9763
8404
5148
8410
2516
2359
6867
1910
8963
81
4446
1783
5147
1060
913
6728
6058
9938
7190
8477
4828
1196
8049
9941
8275
8040
6915
3309
4879
7027
1629
23
4568
238
6286
5973
4123
2689
2801
8479
3090
9085
4100
1574
1939
1288
1532
2237
94
4031
5867
5166
1106
450
6099
4617
1230
9132
9534
2195
4532
2329
2024
1509
4575
3927
2058
6954
2651
9069
1044
753
5467
4137
3981
2330
766
2513
95
9928
1213
4204
3519
5898
4332
6051
108
3402
615
9594
758
4664
5564
8703
4783
6319
7176
4604
5970
4764
4880
3299
2263
4702
2563
4348
2444
9704
2893
7282
9114
9559
9265
3587
5428
8924
4378
3953
3959
3719
4088
4403
5212
236
9106
9921
548
7214
124
9071
9222
3006
7630
4252
5296
7457
4469
7141
8426
6399
1730
1551
7704
2451
1563
7083
9
4545
2985
2781
4346
806
688
8399
3616
7172
9021
9499
1506
2834
7235
9926
99
935
1385
8118
276
3751
1150
3158
2276
4802
5473
205
7650
609
5516
7564
2670
6760
6818
7183
1827
8004
5726
1999
66
4008
775
1325
2748
4034
2583
5770
2728
4460
1501
5102
3647
6375
912
4238
4165
4383
1259
9641
5653
8763
9603
5070
7682
7549
1750
3004
4409
4361
1269
4857
3987
6655
4937
6823
6541
1758
4503
6948
221
1088
5893
9361
1348
2980
128
5429
8835
693
5598
963
8537
8751
125
1529
7740
4643
3070
4302
6599
9794
6123
6103
9668
4358
6203
729
3420
9295
9982
2458
580
3116
9533
6713
620
3405
6124
3883
4516
4526
8702
3080
4761
8173
7028
6101
2979
5821
4016
532
3532
5496
822
2039
2821
5534
4972
4472
3301
5367
1140
7334
5859
5340
4447
1584
5024
2349
1053
3688
680
4069
7090
2145
6277
6432
2268
6474
895
1822
9086
7845
9552
3508
2996
9307
5738
1994
2500
670
2370
9895
2014
5631
4932
7061
3257
2528
6278
6258
5824
7117
1059
2472
3431
7855
3121
5878
5999
6336
6806
2569
5746
4282
110
6077
6060
5050
7288
9098
3555
3792
5852
4260
2201
6620
4280
5729
9435
8543
5454
3669
5838
3528
6901
4986
6384
5388
7265
8746
4081
3200
1363
9441
6062
4273
3426
4672
6268
1444
3014
6021
7267
4427
2529
9757
5321
4215
7535
3494
6790
1608
8127
6893
6247
3370
7448
6638
8261
4402
928
656
2546
8720
9242
2455
5796
258
471
2970
983
7432
9706
9532
2372
4513
2481
5967
4935
7847
5322
356
6640
2003
6349
1841
8764
724
5960
9626
2419
4363
2021
8737
882
2393
3289
3339
1719
1592
2960
3571
9013
2504
5301
215
6167
2232
5246
5269
2588
5092
3648
5101
5553
1328
2634
3730
7431
7812
6041
2975
2691
4737
2068
875
9341
1220
3828
3498
5577
1433
8875
2796
2216
4763
7526
8515
5391
3615
6938
9458
3810
1702
9714
4754
4813
6626
2805
8407
2589
6659
6933
4049
1714
5142
916
9393
9148
9047
3316
8249
7548
992
1920
5197
2080
242
1201
6205
7563
8973
8705
5292
5835
7077
8528
7928
5753
3035
7048
2027
6193
4522
9515
9569
5035
8860
2008
3444
2514
8476
4834
2311
2709
2665
6318
5682
3658
5450
3168
6546
5925
8472
4040
4244
2627
3753
475
8830
1865
6418
4291
9780
3214
8904
3276
9467
1354
1142
8486
4400
9679
7002
8930
5295
9143
8692
8082
5326
7498
3863
2797
2958
7615
6271
5853
9101
6787
6906
1004
6202
3063
8188
3148
5231
3146
5180
4944
2574
4655
3476
2864
6720
3251
91
4259
9830
7113
98
1908
4326
5871
8366
2267
6326
8519
578
2057
3530
5309
6401
3053
8623
6741
3955
805
6296
8201
6928
5345
1161
4381
7622
3099
951
8586
8608
7779
1423
1733
7393
2534
8312
4489
7008
7612
9648
3933
5505
3915
4328
2016
8788
2207
4749
1095
6876
5954
9565
3950
8955
1843
9491
4833
8852
868
8035
4634
9913
9715
5073
9519
6166
8993
4762
4724
4141
1713
7329
4104
9080
6850
9492
7508
7452
2704
101
1265
6939
1706
5215
4110
7517
4182
253
4405
8682
3293
8899
1517
3435
4411
167
8213
5805
4667
1709
3055
6430
914
6685
1147
6511
5395
7565
7674
821
6442
3964
29
8949
9973
3711
3355
1222
5536
3185
1381
8796
4240
3803
7437
4478
3996
1209
5508
9979
1179
6235
9731
3601
2952
642
2761
5202
2369
7923
3920
5708
7062
1937
7600
6180
2009
6619
9035
7414
7361
2260
2104
2102
1643
6134
5885
3322
9953
4504
715
7982
1111
4605
5815
2632
3160
5977
681
5193
8346
7469
5325
9972
4506
8800
1699
1254
5733
7691
3722
4373
4455
7998
446
722
4753
5019
5381
4775
6549
7791
4235
9636
1856
5438
2219
5985
358
5117
1036
1777
3743
257
1641
2352
219
7602
9991
6133
4697
8200
572
114
5477
7516
3345
7199
9297
9179
5907
7085
8414
8325
1674
7395
636
1473
8742
6686
3434
84
8034
7244
2649
2162
2663
1306
160
5214
5399
9359
890
7972
6624
7248
9536
9304
4928
7025
7974
7350
7306
5172
3554
2347
3059
9601
1581
5561
408
3702
6350
7366
5632
6283
8950
3292
5207
7049
968
2692
6069
4066
7126
1986
840
4732
7065
5013
451
1006
582
1369
9749
6596
7980
8797
3144
3329
246
1301
5151
6505
5006
7098
2432
6119
5515
9548
1112
6004
1490
6561
5186
1784
2874
1162
1672
2192
5121
7196
836
3382
3651
6498
7382
5222
2435
1895
8847
767
1960
4554
6111
190
529
301
8150
3050
3961
6475
3122
5845
8329
522
8134
5268
8016
1586
627
1418
3963
5275
7681
352
6949
2466
4574
1080
6380
7254
6808
2114
7266
9586
2083
9319
5609
5837
5385
7318
8822
5619
8667
7203
3483
9042
8636
8674
7935
787
7611
4179
1078
5171
4518
2503
3834
804
4911
5756
9076
3246
8091
7780
4094
6376
7525
9259
5232
7898
6433
7354
9282
3037
2612
3670
7466
2256
6029
2066
375
5418
8123
8468
4897
6840
1971
2238
6902
4544
3247
4832
7521
9052
8717
1516
3952
4267
1397
4994
7428
3416
3452
6361
6438
3537
9666
6038
7685
4752
1435
9692
9079
3165
1492
3284
1950
9703
8381
4389
5749
1273
1931
8246
2939
6397
3413
1830
1979
727
8337
8364
696
8740
4023
4097
7735
3842
5264
4843
1935
3173
8646
7728
1849
7640
2527
2042
4925
7150
2128
2620
8957
5393
5067
1764
9578
7872
9266
6714
2621
2418
9288
4218
8323
8729
2565
1146
4989
3726
8227
2382
5494
1340
4055
2982
1663
8051
5266
6216
7887
949
2474
558
3841
1276
7158
3668
6232
3152
6127
2092
8513
589
9658
1103
2695
8368
6445
6493
9713
3118
419
7205
1675
2475
3855
2538
6909
6031
8891
5501
9427
741
7336
4566
528
3509
6451
8109
416
8436
2788
1139
3184
3321
1204
7973
8469
9217
5240
4001
8549
9987
5855
8777
8712
9759
848
3888
2981
9040
3511
3560
5394
3453
5004
9241
6884
9473
7273
2199
2179
8810
7875
3747
1330
8350
8471
3187
5541
8693
9463
9161
4798
2137
8020
6770
1894
3346
6248
9025
761
691
62
9771
4781
706
2485
6488
1797
1419
2850
7770
8180
4547
8094
1883
1640
7951
3229
5085
198
4855
8427
2065
71
6706
2674
520
42
329
8550
9787
2706
8732
8951
3085
1240
2898
6335
721
6482
7943
1268
5181
2946
6407
1429
8266
5088
1207
5986
5417
1086
3766
7416
9625
5316
3877
1995
9300
2758
1081
6168
8864
3943
1212
5905
4646
3225
9140
2940
8678
3190
7757
8409
9195
7255
655
1869
5114
392
7690
2249
5329
3428
5093
7538
31
7411
5704
8267
2157
133
9529
3367
197
7708
923
7253
1356
5043
6028
7851
1710
710
9375
5546
4041
6104
3117
4339
8509
887
9900
8076
6563
6880
9869
1333
2170
8387
1390
3611
2955
6440
3937
9395
7919
8845
7287
2362
5877
8177
2773
9262
3017
8208
2854
3928
5856
5869
7970
3245
3349
756
3218
3380
3921
5992
3253
6673
8650
3846
8946
8017
8485
5474
146
6302
9537
7874
2189
2365
3060
6425
9868
8818
6200
1657
202
6135
8376
9728
313
3266
7260
6605
3629
5966
9298
5081
4499
9091
7755
1172
8613
5734
8757
6013
3091
5655
4274
377
6145
7149
3577
6824
6108
499
5531
9504
4496
2790
6073
9719
6538
6158
6829
5126
3395
6007
3254
5793
8962
2115
654
7430
2270
772
1267
2576
6757
7654
7713
2234
1316
5424
8909
189
3778
9685
6535
8191
873
6604
2764
2873
8210
1034
5935
8465
1016
7010
8380
6536
5160
4024
5472
6570
8074
517
7268
3271
8631
292
3521
7075
5911
7174
4913
3041
8339
1632
8022
7733
2765
1976
1027
1508
4793
4256
9408
1997
8065
9053
6470
2541
40
1776
9024
6314
4758
1290
6627
4098
2462
1341
9612
5390
6921
156
3619
5522
9546
1556
8850
9249
5847
3375
997
7365
396
4417
6199
9260
487
9977
6483
452
5258
3715
7573
2823
3501
7127
3415
7763
7619
2532
3585
6311
3235
4941
8708
8289
365
6506
9902
3264
1928
252
5145
6112
9931
8197
3960
1636
9638
1357
8259
3280
7509
5991
5642
653
1653
4524
47
4155
1158
6093
5488
8021
7667
6745
9997
2642
7863
3033
4406
9820
9786
2774
5407
4902
2443
2331
2111
3028
9602
1836
6518
8916
5702
3693
9158
4009
152
8701
9886
908
3429
7661
2397
5844
2061
4777
5989
9716
6333
4263
1277
4481
6752
5052
5791
9985
4931
3639
9816
5020
837
4453
7
8658
2657
6832
9399
9509
4950
6708
5601
1721
1384
7161
674
8301
9764
2346
303
466
3976
1304
9009
2469
8428
8585
7776
9436
9162
1615
3843
9698
7142
9954
3966
8433
8783
643
7240
5303
7487
6573
8553
798
7646
1969
4998
1416
6978
8544
2433
3708
1762
7731
3685
1313
9012
2860
1743
145
619
9078
3856
7807
4542
4091
2690
1400
1767
3938
444
6689
6877
8007
2366
3857
2575
1117
8389
1041
2220
3151
1144
9665
3761
3777
7597
311
445
2884
3012
8866
2005
5677
1291
5294
3705
5826
8833
1798
6907
4556
1421
4747
1343
2645
9801
1447
1019
1165
3098
271
5333
3793
1008
9150
6353
9092
3305
3302
8447
6179
4888
9119
3016
858
1786
1168
6348
7885
1955
4621
9418
2367
9695
9520
3138
9316
1554
5933
1114
2806
4450
1223
552
9882
1266
2410
3524
1282
749
6128
5579
4748
53
1052
9067
5327
7220
3563
393
7198
7233
3351
9420
6497
4452
6001
1991
4983
5021
9525
5714
7850
8167
8604
3594
9419
1234
7184
2803
9644
9950
2002
4186
3139
4875
7420
5656
7568
3614
5620
6976
1834
1398
4243
6144
3675
4006
5668
3818
2909
5174
1093
6441
2784
1071
5165
5795
1502
3760
6053
3224
5300
463
733
2925
6489
9338
141
7811
2791
1083
4917
5918
6617
214
5976
1437
1941
3811
6736
8474
7953
6709
8207
1305
7976
2176
3217
3186
1755
7064
6632
1178
6700
6566
9189
8
5200
737
2509
302
5297
4951
1680
5672
9311
6476
4593
14
6797
2265
2872
4079
8842
5168
3000
3304
2881
4600
5806
4171
9487
3199
9686
569
6374
5923
2667
1572
9139
1184
9453
6171
6890
4407
1741
712
2470
7486
348
8165
206
6670
9909
4889
3780
2545
2626
3853
1772
9517
7810
2253
8913
7397
531
3377
3332
2172
2403
2467
3110
9022
5934
4201
987
3832
7788
4214
4894
3939
7771
3797
7168
3875
8272
3885
8117
395
1250
1339
8922
2697
5482
7194
9146
6739
5358
7870
8883
2064
4613
4216
6291
1353
2328
6914
200
3660
4170
3967
9014
6707
2317
9173
7552
9521
233
3984
8164
19
751
3207
2997
9043
5913
669
2914
4423
507
2560
5957
4572
1224
9394
2851
7006
1274
618
9505
4954
5384
1410
9550
3389
1040
6560
1303
1360
9315
8138
6037
4898
4349
5100
5289
4703
3544
6153
3566
6675
7307
6544
9464
8185
3239
4957
7805
5403
8808
8176
2035
3742
7189
759
8521
1923
2300
9675
4778
2287
4329
972
9817
1225
3515
6213
2520
2789
7727
3393
7261
6965
2880
2870
6256
881
7101
6226
6636
4002
1007
7814
2302
7588
2917
4387
6615
6836
8039
5689
1061
5278
4480
8652
7841
4745
4221
5431
3503
7569
245
4962
2112
9671
4382
2793
2719
9182
6998
5456
3505
8985
5026
5917
1226
8116
1977
6204
5335
243
4788
7767
9128
7376
924
9615
6999
3744
6002
7880
1967
5363
9152
1293
1659
4279
8492
1701
44
4015
4053
960
7834
901
2571
5462
7051
3206
1056
8986
3512
2624
5338
9974
3989
8505
1197
8163
9605
713
9762
4836
3461
398
1311
1164
1658
5751
2425
7206
117
9240
4639
2838
7533
1154
3374
5594
4665
5618
3908
376
6732
4858
4687
7529
5064
432
8307
9169
8801
1765
1045
4787
4647
5465
4750
9049
7346
6950
4623
6833
4136
4757
265
2215
8402
158
771
3404
4148
9244
9165
4741
872
7783
4314
4184
1527
8773
4180
3910
7910
5460
4122
7054
327
2769
649
2283
2301
8435
7290
8647
1195
3922
9968
2735
7219
7746
6162
7316
1512
9709
2524
7069
9960
8832
2319
1013
7153
8403
6695
8160
7924
8303
5169
3068
9051
4704
1466
5354
5635
6896
7595
8980
9562
7635
2757
4866
1952
9063
4511
4799
4808
4527
1497
7295
6631
3723
8731
3779
3384
2169
7490
3517
2795
5351
4210
3424
6985
2852
4178
8122
7684
1310
1975
8622
4829
187
2693
5017
5765
231
4679
6613
1132
4251
4428
6530
5539
9593
3643
5195
1781
2166
3450
7710
6177
7045
7617
4107
5958
5034
9312
2669
6239
9255
8893
1471
5520
5293
425
5487
3969
1169
5364
6300
9088
2826
162
4869
3547
3771
2132
504
5183
9450
565
2017
449
9407
2700
6669
6583
2322
5434
8902
540
2638
518
3800
3972
9495
5953
8147
8219
3900
1611
5861
9138
2636
6347
5374
1243
7112
8644
9768
9743
8332
5191
55
7572
4735
3756
6090
6426
7105
6159
5674
2254
2930
5846
6035
2125
9108
5921
1018
1477
6197
2007
7587
8110
5005
3897
9753
4033
2522
7031
3062
4039
6411
5016
3471
5140
1812
6908
911
7555
3262
4190
3787
4374
2639
7537
3510
5299
1787
6846
8546
2686
295
8359
5107
616
1375
3750
8908
1535
9554
9832
888
9848
5637
5670
5350
6500
9870
2783
6076
8281
6173
8869
9284
998
3858
1708
4682
7100
135
9503
797
5108
1826
7610
6224
9577
3376
4659
3679
6065
2143
9404
2442
4537
6039
5196
4529
5129
8620
447
9672
8990
7737
5205
6990
6969
1689
6102
1358
6309
163
3096
4292
305
2004
799
6150
3701
2384
7645
2197
1578
5225
1760
5535
3223
5242
4477
1695
3913
3520
1602
2306
4475
9200
8887
3646
6666
4278
4115
6245
812
556
3944
9469
4128
4437
1462
8577
8532
8696
5860
612
5111
851
1441
3681
586
9037
7844
237
7458
2871
161
6885
3403
2720
7955
2702
5915
7802
8126
2266
2398
833
5998
7409
9628
2819
8791
1833
1424
8981
8029
9215
7819
6355
5943
7087
8086
2947
9038
900
658
1011
7232
5062
7451
5000
7280
9752
4121
1368
4334
3123
5939
8269
9866
3699
9166
6746
8013
2413
4906
6788
2836
1317
1625
1022
9770
2661
3205
3734
4457
961
9178
1031
4356
6392
5857
3909
2307
1014
1613
7528
1307
6547
9445
1868
9705
7224
7449
5027
3310
3399
2075
7721
6083
1817
5646
1985
9773
9733
3001
9089
5015
132
894
8514
4194
4145
2936
4584
7165
1345
4990
5402
4327
8828
1510
283
7673
6744
6088
7717
2380
9465
5622
1558
8704
9581
8002
9659
6834
2408
9440
7076
5568
4995
6471
2489
5582
4660
2591
9745
2832
6682
5396
9154
4429
3156
4364
4871
1884
3798
4000
2445
7507
5748
2119
5353
5489
3105
8974
3694
6251
2653
7849
1149
6092
4908
3850
2041
1239
7519
4229
3061
2420
9171
7905
5730
6819
6828
4974
5216
2134
3826
1136
7091
7242
12
5478
5360
6598
3255
7658
8836
810
4013
9981
2604
3248
7954
5405
8825
5728
9474
4530
3822
5037
5692
9530
4993
6658
459
4774
1519
3368
684
820
96
5455
8668
7975
844
8198
2907
7988
7854
709
5378
3580
6845
3809
8894
6293
9813
8230
3364
8559
3417
1377
6710
7210
5519
4722
3303
8302
1666
6540
6523
2808
6022
526
4618
6011
7621
2775
5518
551
849
3203
6821
9624
5412
7968
2921
8496
1599
2855
3448
2717
3458
9661
9756
3893
1393
2644
6330
6182
1047
1678
5241
226
7133
3356
410
9949
9754
3565
647
3097
8793
6786
9837
6223
4395
4885
1899
4491
3373
1566
4325
6155
4694
4959
7908
7655
9456
6817
566
1887
1664
7362
2738
144
2208
9207
9015
1085
2491
7167
1323
8413
7284
716
8255
6857
7574
6562
4510
1576
3833
5320
6550
3755
5155
7328
7984
8378
290
8483
3542
7794
4619
3150
4611
1630
6798
7169
7631
776
2722
2694
4927
8719
2724
9180
5938
2095
9233
5082
6849
3419
3030
407
9861
9174
6379
8071
3783
9000
2150
1832
1015
9352
3949
127
8363
4401
2762
1524
8462
3578
119
4102
5812
9126
3275
3557
3365
4324
2447
3154
5584
3582
369
6868
9607
3860
6096
4564
1555
4964
1789
2313
6839
2544
6400
6378
7016
7706
2149
9524
677
4890
3881
4549
2247
6419
7758
3327
8556
7147
2025
476
3408
5716
1026
7639
967
4760
9380
5272
9289
50
3337
164
6465
6569
2943
6315
9803
5945
4952
8338
6121
8619
3924
4042
897
9682
1694
9156
4144
1948
4036
6454
7456
8317
1648
9060
5586
7858
6390
4474
6767
3737
8278
4152
6270
1292
1744
5176
2548
7567
4765
9980
2883
9054
6802
8956
6003
9747
6871
2961
1443
2354
9039
6354
3683
4468
8318
9502
8920
5778
8694
8142
8747
7175
9860
2559
5902
3529
9587
4910
4192
1432
1427
3353
7632
9432
8670
5359
4161
3823
885
5836
5192
826
6911
2364
7941
2086
4032
8548
2141
1926
1838
906
3513
3045
3129
1870
7080
6785
1879
1122
353
7308
7803
2787
1249
4245
54
9712
2896
403
1211
5880
2138
3394
2430
2934
2668
9149
3703
8008
9357
4085
4304
5676
9899
7683
9566
6149
168
4670
8145
5060
3057
4837
8771
4536
573
2618
9280
4780
6094
3178
2809
9482
4444
802
372
1121
7861
4288
8635
1438
7042
6678
7889
4134
5356
682
5842
5270
5023
157
8220
7299
7088
5398
488
339
7037
4150
8170
4230
3903
1621
3637
6042
2261
2892
3958
2440
1326
5874
6693
1918
9185
7989
5110
1523
2402
2623
2052
430
9647
5369
4886
8313
7289
839
6639
7209
9892
8229
1639
7942
2324
862
6494
319
9937
8806
7514
5574
4162
7753
2224
8448
2173
3942
7920
240
2446
9654
1453
1309
5375
1645
4629
8823
3372
4388
2401
6472
33
5305
7160
7304
9345
22
926
3662
8536
8878
4070
148
6394
700
9526
4968
1119
8358
4596
7434
5152
338
5623
2889
5457
3870
2139
7917
5891
9751
3808
4399
2426
2678
2785
97
3102
5621
7385
6163
1472
8749
6054
5974
920
8237
6110
5080
5538
4283
5198
2865
1729
415
1847
409
484
2046
1872
2920
1407
8256
7470
9121
9470
9400
9966
1261
6363
2185
4588
3695
2731
1548
2373
3946
8258
3698
2296
9451
5433
6190
468
6025
629
9889
5781
1775
2926
645
8846
424
2452
3978
5141
4517
4287
9795
7391
7768
9109
2515
7089
2530
7402
2924
1723
2747
3592
3183
9270
847
4582
4576
4733
1110
2507
4963
1638
8024
3645
4534
5237
1924
4715
2257
9821
9799
1287
6046
3371
4067
4918
7703
6545
6553
6175
2436
9510
8779
512
6131
1974
4340
7906
6873
5581
6510
4992
7522
8392
7201
9948
3906
1791
7809
9839
3381
1591
842
2582
755
633
217
8947
498
7749
7695
2488
3917
7678
8590
4756
4073
2599
3330
34
678
6944
8961
1947
1907
3956
626
7057
5947
5220
6194
7627
373
6960
4548
4247
9137
7832
3445
9965
3249
6812
3464
7063
8274
6262
7947
1670
3632
7748
3999
5563
1526
448
147
1788
5816
155
4114
8849
543
4987
1246
5550
4212
5547
7950
1460
5952
4705
3348
6571
3007
6557
809
4515
6951
6243
8080
8884
4597
9202
7052
5194
2740
2044
8463
3962
867
4322
5365
1513
35
7191
4835
5630
1693
5479
9876
3193
2537
9279
4803
1411
8781
4730
3788
3179
5839
1482
9387
1452
861
5926
5900
2828
4117
8096
9264
4851
4540
7131
1888
8978
6321
3990
7262
3043
7591
2746
2222
3607
6287
3940
8171
8560
3295
6362
5491
5769
130
3890
6641
7364
564
5287
5493
1251
5527
7774
4048
4237
8558
3584
7871
4905
1528
9186
3274
2726
5123
2279
2223
2763
6106
4847
6565
5887
7099
3538
692
3127
9836
5532
5981
1324
7034
3141
2714
7933
6904
4451
6412
966
2284
8475
9761
8159
7398
6973
129
4555
9218
5330
9248
8014
2468
4352
15
6800
5687
2942
1076
9558
2262
8897
4977
4914
282
8976
6464
2081
241
6242
4301
7666
9281
878
2291
4718
1446
8953
4353
1835
825
8067
5163
5955
6654
9779
4692
2861
7759
1205
6126
3112
6026
9118
1585
483
4767
2036
3772
8931
632
8231
1302
1024
6810
1807
1312
3095
6406
5744
3362
6719
9610
8316
6328
2480
9429
7140
5383
4195
2742
6600
9068
8945
5517
5814
1242
4029
8183
954
1130
4174
7502
4262
5713
6702
6211
1183
9454
8506
5848
6492
3599
5048
7584
3887
6259
4878
7558
5007
4038
7081
736
2676
8572
6768
6139
3100
3786
2167
4412
5767
3799
8088
5276
9871
5049
3659
6814
854
385
2378
5483
5348
634
747
6775
225
1257
6955
5993
8388
63
6826
9362
6625
366
3859
2163
2314
6005
8998
9081
8190
7726
4539
2097
3556
9105
5159
9084
5994
2628
3975
1805
8988
2422
489
2051
3851
7694
519
6777
993
4442
1023
9102
2820
4635
5942
1925
9221
7765
4683
6356
1521
7122
7896
4241
6055
3518
7465
665
7787
5261
6660
8223
3465
6507
5028
6705
2477
2739
6068
8494
2281
4612
6629
6875
7286
9381
8120
7128
5866
5458
1386
8964
2555
5250
7427
6522
1208
52
8311
8348
4644
7014
958
1474
9844
874
8971
5982
5980
3926
4264
177
3802
3610
9136
3891
383
814
8225
3945
6487
324
2168
6835
49
104
9939
8418
4130
473
9690
2911
9220
7938
3170
606
9784
1079
8921
622
2949
3586
4988
7656
9649
4331
1943
9850
8848
5387
8596
8711
6016
9225
6984
2681
6653
5161
6941
707
5139
6098
7921
5290
4603
374
7554
1603
5760
941
2770
7756
4025
2760
6402
2600
4440
3664
6340
2191
9874
8695
5710
8083
1673
3410
3103
7618
3749
5104
4901
8657
3691
7693
3036
7864
2944
4823
7053
3535
268
4310
9818
7963
2991
937
744
8542
7778
768
1779
5249
4726
3317
1889
1875
3073
431
7725
8520
2603
6385
5344
7247
5448
8424
5919
7381
9590
905
2750
831
6453
6410
8211
6274
2830
3631
9254
6435
2536
6368
6781
2067
6758
7986
8991
9147
4211
9637
4414
7664
2337
7204
5014
2568
5750
8341
6064
4924
8786
5922
304
4277
3602
4638
1035
8843
3692
8012
9906
5252
6771
4501
4966
9847
2087
1598
1480
9339
8713
397
5051
5281
6910
3474
285
8677
1322
7227
2093
7911
4541
213
6477
2508
9005
4795
2550
4255
194
4796
4814
2517
2927
3676
8966
1371
7590
583
662
1244
8730
5528
8759
757
1850
869
457
4370
5291
3026
8728
6717
4872
2018
2553
8025
7762
137
1655
5671
192
2280
5681
5280
7484
9543
1055
7148
3821
7277
3484
2929
6484
5755
116
9584
6516
4645
8653
7576
2615
964
2713
8322
3378
2542
7979
4700
3166
2077
3481
1980
7800
8633
774
2085
1536
4500
5706
6421
933
2187
5072
8639
3391
2492
2777
1774
6715
9881
9496
1170
3083
6082
3065
4007
8297
6117
6388
2552
159
9956
6086
3674
4729
4662
553
2811
3516
255
7021
5175
2278
3636
1105
4485
9471
783
9564
1167
1260
334
8498
6429
5608
2506
2072
8881
3934
8276
440
8133
2448
9028
948
1021
3469
638
3344
2895
4394
9238
8205
6515
8940
1280
103
1033
9277
2391
6332
3107
5432
8503
9272
1417
4028
6934
637
1953
4233
1958
2316
3182
262
6254
9940
2243
8453
2984
5990
4305
9664
5757
7698
4892
6273
3167
2829
8030
9446
2023
2390
9922
4371
1503
4360
2989
7582
1069
2383
9633
3131
1181
3923
3314
9421
5470
986
1415
5600
8877
9758
925
4236
754
6109
7686
676
7324
3638
9325
5416
2539
4520
9164
1253
944
4459
9555
6968
6416
4615
7119
1612
82
695
1718
1913
4531
3418
6136
8053
3020
9206
1373
4970
781
9901
3894
7356
2658
3145
6221
7138
1796
2026
7723
6865
4622
6317
8571
239
6020
8371
1929
1864
2158
4208
5703
1141
5906
3502
5406
9867
5797
485
4056
3657
111
5409
216
880
864
8889
4864
5904
7939
3781
5742
2564
7676
8685
9790
7571
9306
7830
8057
9808
6364
9443
936
1782
7894
3630
402
7722
4318
2897
6805
2941
254
4462
3077
7699
3794
355
4135
4380
1067
769
3770
9897
8504
1126
2450
8919
1362
7829
7876
9986
3411
4119
5718
6113
4250
1063
9613
3023
2248
9962
6034
9912
4093
6234
2049
7104
5226
9611
5841
9736
7020
2792
4625
856
1665
659
1038
8541
1740
3291
79
6795
7904
88
6209
9058
3627
6428
1300
9634
4421
8055
8802
7403
3762
4794
7073
7447
2123
8203
1916
5830
2800
9401
650
1389
5497
4045
3591
2540
6874
6305
6383
6698
8244
3815
850
9535
5400
8305
9730
5132
7305
2043
9350
6903
4825
9368
3088
5914
2361
5368
4017
4103
7323
536
6172
577
151
8989
4164
9588
1677
6674
1738
7697
154
9064
4876
8032
5685
3745
5556
7103
8555
7648
4688
6450
1911
4057
5591
6495
315
6141
764
8019
3438
2161
5366
7317
2293
9531
9010
4487
7252
5217
7369
6792
8618
6191
4253
9065
5554
1748
3432
3242
7097
6282
9518
1855
8394
4443
8262
6408
5506
7897
8466
661
6313
4488
1766
554
2683
1876
3149
6651
4579
5075
7143
3768
2501
6056
4139
9194
3359
2371
6997
5120
1174
2938
6307
6405
6609
3335
169
7339
1728
8525
9033
3589
6894
9699
995
4985
7078
1823
4940
3443
8491
6722
598
7577
7118
3111
6369
4845
7761
3983
5389
230
5053
2056
196
2699
5645
413
9640
8154
7511
286
9274
2210
289
8743
3935
3331
2837
8798
7478
6066
3740
7007
1000
9540
7689
3467
4108
3019
1522
351
7291
6342
2033
8416
6320
8664
3553
2464
9942
4416
2754
7408
9145
1064
6116
5701
6404
1297
4980
3901
267
7111
5611
607
870
9862
3497
2729
5401
734
1001
4900
6942
7294
7760
7094
2613
4923
7202
1562
4199
4054
5529
1685
3686
3871
6345
7445
2011
9849
4958
545
4268
5306
9718
3241
9945
7792
999
2677
717
462
6030
1314
7724
5808
6869
6610
5658
4220
8396
2217
8838
1731
8862
5665
2428
7473
9674
5361
9511
2736
6338
2357
3704
139
7505
6796
9347
8048
6735
9213
1540
7890
5963
2798
5694
2609
1998
4420
48
8593
3971
5650
664
3409
3914
6524
4717
2062
4685
3642
423
8344
1616
2303
480
7134
220
7831
3153
4484
1961
9720
731
9916
5243
5903
8097
4507
7846
6897
5057
1945
8972
8315
2200
9466
9199
6174
6783
6943
7633
1032
9556
2000
1965
8853
7241
8415
1656
9131
8856
5854
9172
5828
9365
6137
5937
5116
7137
434
7606
5962
3089
1145
6734
3653
6469
2812
3947
8676
6712
5865
9318
2630
5912
134
6044
7513
501
9538
8460
3320
2439
7004
6284
4979
604
7707
6895
8098
1188
3617
6755
9344
5661
7884
9353
1271
467
3106
4674
3992
2133
7348
8611
784
7436
5509
988
2518
3790
5038
7005
9087
8714
1557
6466
6267
8675
454
9095
4175
7566
7159
7179
7035
4826
7281
8583
9522
270
6414
5370
7095
9216
4607
3326
2040
9936
1893
8778
1235
251
7370
6288
1163
922
3932
5659
4156
2737
3904
9856
5256
4853
8038
7092
8330
7873
4436
5357
5612
9468
3717
3986
6230
9842
422
2768
4627
5979
2573
4877
7804
2193
4285
6733
7504
7485
4021
1582
3807
232
2013
4465
7893
8011
2
2309
541
9113
2345
7236
8782
83
4631
7913
7188
5660
9653
2379
3671
6357
4811
4080
8561
7586
1990
3072
9831
5441
1070
4495
3143
7352
5221
6994
7799
8452
8193
4196
4649
7177
6265
7614
7435
3318
1736
2903
6612
5772
4916
3221
2048
3604
5260
711
4680
6809
5764
3720
3283
9157
3746
4601
3689
8393
6241
6782
2756
3490
8508
9125
4594
8753
277
5818
9933
7178
7314
8912
6490
2099
4637
2294
7296
3733
2122
8638
1258
4553
542
1683
279
438
3522
8987
3876
584
1696
5773
6940
9444
328
9967
229
3700
1135
524
6341
1800
9896
3101
2716
6756
7231
7580
2225
8680
4681
975
6049
4078
6393
6981
3597
525
9609
6480
6671
5964
5414
4666
2853
3929
8501
2124
3840
8901
5044
651
7966
8876
7298
685
8632
281
2386
7497
6089
7769
6387
6601
6979
8882
7993
1160
8754
1284
2038
7208
7583
181
6696
5792
2505
8551
5029
7257
4010
5680
25
9883
6207
7230
3425
8430
1489
732
7185
8761
6684
4396
8484
1138
8111
9168
4410
3506
719
3765
4663
7510
7197
4859
3018
412
1256
100
3147
8075
4432
3572
9688
8817
5439
4641
3252
5722
2251
7438
8309
1238
306
623
8715
1118
8395
9321
8886
9859
1338
4792
4143
1263
8068
6837
6677
8018
8253
7036
8139
1624
5
3473
9824
8411
8493
1837
5267
7499
6649
7553
8996
1097
4949
5227
1413
2396
7838
2235
6236
5376
4982
9825
1464
8785
7647
8721
3278
3401
86
3231
6420
5884
4558
1543
8194
4065
4074
6913
8567
9198
9373
1123
6220
3624
673
1973
7384
9475
855
9226
7423
1878
6776
6841
4919
439
3347
6743
7050
1619
4580
2113
4509
1707
7461
8001
6878
9657
1904
3865
9328
7355
4319
981
6759
2394
5657
9061
2218
3825
9355
6883
8369
6000
7285
3982
8400
5504
3980
5078
5909
4804
6233
7659
7930
2385
3835
171
6115
1493
1734
7824
7916
5761
555
8995
3830
8412
1739
1972
3732
3078
6107
6422
1315
1867
4372
5997
8624
1137
6803
8649
8787
4559
9570
9332
2482
3541
7155
3233
7367
947
3279
4654
2951
705
67
7922
8547
4812
9717
5138
2310
803
362
4181
9775
7937
9191
85
8656
743
7394
4785
738
5238
4766
5727
183
8726
2409
312
2079
1700
1392
6753
8293
4865
8115
7701
486
3862
9604
3979
9406
5124
8102
2326
6543
4714
4157
5787
9918
8356
6257
428
6533
264
3495
8129
8827
7019
9549
7616
3460
2707
4573
3696
892
1485
5239
6751
9978
5666
1964
4101
1881
7892
7032
2098
1588
1361
4242
6866
234
3493
7039
7145
7888
2399
7653
1989
89
3600
4018
9100
8640
1533
1010
7072
1874
6721
3115
427
2957
5112
4336
6650
3478
3342
3336
3216
4367
9642
5875
1921
8937
140
9575
5780
9583
2196
6481
9334
26
3323
3398
5602
1028
4077
9017
9287
20
6971
4193
687
1090
2298
2512
4246
506
7629
8128
9523
3634
3270
2304
5286
8709
9777
1722
5978
679
2734
5641
7001
1186
8248
794
8487
4129
4132
6680
9663
1216
9455
7474
7925
9710
3836
8136
1785
5056
4422
1992
6373
4398
3690
3032
3644
828
7237
9935
996
5128
5789
9852
2272
6704
8597
2869
5233
9994
5927
3667
2641
9045
380
1075
3874
5585
8626
8672
5803
7331
1725
690
2045
5526
1802
363
3195
6618
9701
6989
5235
7488
8009
4391
9568
6780
535
9018
9528
1614
4693
1962
2239
6970
1364
2127
3056
9651
3574
6281
7338
5799
2771
5968
8967
6975
8095
4203
5762
8299
1366
2377
5010
4359
624
1245
4551
2972
9635
9144
9484
8081
3916
3066
5890
2438
68
93
5625
4550
8918
9880
4493
8855
5617
6750
8298
179
9746
4183
6634
3609
3407
6645
4106
6898
4486
1542
118
6231
6508
3866
7207
602
4330
8296
7579
2816
4658
6398
7637
6151
1475
2060
1575
8461
559
613
9726
4716
394
3739
6372
9130
4479
2336
5678
7322
2355
1644
5940
2338
9293
3583
5184
1531
4043
1537
8239
9377
4701
3954
8300
1773
4838
2360
1885
5984
5030
1545
7166
910
8328
2732
3837
9888
3919
421
6887
8425
811
3021
9875
3697
9253
2252
3548
7479
6299
5185
8807
8578
2368
3716
2753
3907
8105
370
6727
5908
2094
8464
469
8137
903
195
3256
838
1332
5524
5208
5463
843
4209
9514
1402
4912
6622
1515
9428
891
7836
1780
9606
5311
8598
1806
5870
2476
6662
3164
2894
7495
7388
1593
8144
9190
6496
165
9513
1816
420
1504
7936
898
1514
5810
4490
3094
1804
7023
5833
4076
9796
571
6525
5724
4971
8287
2205
8642
4321
3545
3296
2274
9457
3447
256
5551
8156
7151
384
3550
6186
8851
6548
588
3848
9358
360
9904
4820
3192
7543
8511
8349
4713
3267
2078
9727
1810
3414
6532
4404
827
6701
6931
8933
3046
3785
6539
4743
9494
2876
8762
6289
9655
8939
3880
4362
8938
2685
6290
7357
9778
6478
3805
6870
7360
2484
3564
815
1442
7662
9865
7333
7641
9001
4086
1853
8614
5012
1863
8335
4610
364
6417
6692
660
9567
7883
3459
5886
2101
9551
5587
247
6807
9990
4160
7868
1491
4849
4535
6152
4784
2650
1946
2275
72
2194
1704
7349
3350
2967
7313
4020
3918
7860
417
4
879
4312
9096
9769
1771
666
1030
1711
8354
9411
2919
344
9983
7258
3294
6581
6188
6676
8345
9388
5896
9439
6648
1727
6161
9073
3774
8841
3889
5158
2344
5899
2708
6579
5377
6574
5510
6592
5097
1761
6987
5499
7599
9838
9269
2659
8440
6731
9237
9925
1679
2519
3176
7882
9582
1647
7492
5125
7692
5788
726
1891
746
6974
5843
5638
5614
7781
4620
175
7139
7043
2091
4595
1334
1127
4567
4265
5693
3406
579
8383
4651
5349
1934
7852
7999
9396
1451
945
3575
188
2810
172
2987
8579
9342
3965
6586
8594
2916
1825
7806
1982
1409
2203
8688
6253
5475
4861
3898
7501
8326
479
8562
7106
4466
6486
527
4939
904
9390
4653
2031
3175
630
9442
9527
1794
2521
7251
2755
7347
9691
8770
9677
2978
326
2204
9336
9314
723
500
8716
107
5423
2108
6534
730
9448
1430
8085
7833
1890
7817
9819
9662
8673
9232
8512
863
8306
6118
4538
5879
1218
9618
4005
521
8752
481
5995
8308
9480
2412
443
350
7797
7940
8691
7418
9598
8858
725
5503
275
3174
6825
4727
8679
7901
199
5188
1633
3069
6074
639
2029
9750
3605
509
8458
5771
8457
4105
1231
9187
6853
9890
6129
8195
3130
7455
4581
7271
7454
6946
5725
2863
2652
1970
2672
4695
4560
1757
5790
273
9196
1388
5783
8627
8794
8101
1597
9631
5106
180
1227
7967
4308
8271
8756
5567
1530
9793
4158
1959
7843
5087
8130
8064
4344
9684
3729
4921
3618
4624
1691
7163
404
308
8574
6160
8616
9561
8863
1596
4973
5882
5876
9630
1763
5036
1151
1406
477
8663
9995
388
1697
9539
1851
2198
1046
9500
2647
6679
5076
9723
8942
699
8232
5514
3558
478
5440
5427
1831
4626
6593
6964
2711
5204
5565
2846
6737
274
9077
17
516
1790
6958
628
4476
6595
1712
8659
8954
8481
5643
8280
8192
2584
2202
5468
2891
8314
3250
5149
9893
3487
2259
3784
574
6217
1108
1671
6575
2273
8531
1468
3067
7342
6602
3640
38
7557
7221
4744
9774
4891
7424
5651
8398
1487
6061
4458
7426
5673
7556
9488
6983
7912
6587
5213
3741
4087
3652
8033
2318
1793
8419
2868
2954
5318
7665
7404
1182
5606
9472
9975
2986
6761
2606
5224
5283
7396
3488
9008
7859
5445
5987
4445
6996
4948
1668
5507
8162
4271
3449
7390
514
2533
8179
9460
1840
9958
261
184
6594
5851
1984
6164
2918
5763
3358
166
683
593
3867
7412
6661
8119
9516
4286
8031
6690
2912
4628
4656
5721
8066
1631
9116
1871
3795
1604
5688
1100
1686
8982
5894
3202
9176
7055
2715
8535
3307
8526
5717
316
9917
8857
2578
8805
387
7601
1143
921
8591
7668
7785
2727
8342
5502
3480
6762
789
3366
406
6590
3718
6250
2148
6847
2483
5786
6668
6240
2358
4557
9486
7096
5182
6920
8960
331
7790
1842
5254
5464
7867
4642
8557
1202
6423
9767
3763
1983
9212
6463
7605
3211
1590
6343
1408
7842
9858
6339
8050
5122
4810
7815
5466
4341
8442
2841
1203
9828
1892
7047
5583
6491
9354
1217
788
563
7421
121
8662
5452
4668
3125
8669
5910
3268
1285
7987
9574
7551
76
9246
6956
9924
7744
391
3831
3970
5069
8584
640
5759
3731
8406
4351
760
2381
6301
4408
3230
1175
5386
610
4159
122
3005
6052
5315
3776
9093
2037
1214
7467
5419
4721
5732
6513
2015
1115
8655
7066
6275
8295
600
4153
9923
8958
9302
3104
3237
6358
7125
1457
8174
5144
9263
9120
5956
2557
6142
6512
5988
5794
1396
317
2843
9592
4111
7638
7040
9349
4965
603
3360
9961
8333
5234
4205
9669
2250
1131
5562
6577
7773
8131
3735
8284
8651
5025
8023
7321
8527
7957
9415
1618
2675
1547
2902
7766
9276
1279
5362
581
1858
6657
1180
5046
5545
1003
8888
5774
3579
294
3079
1627
9905
7949
597
7915
7353
1594
1861
6501
3656
9227
8087
7279
7013
9333
4978
9772
5932
4200
7494
5754
1815
3048
3665
9286
5862
2730
4512
4699
496
8811
1538
8212
3748
7011
1589
8813
7059
3446
2246
6187
4661
2292
322
8564
9571
8041
592
2427
2129
8445
3051
4297
9090
6228
6222
7952
8602
8819
4815
4146
1439
1778
4895
9620
3357
310
9070
6564
5397
4343
740
320
8140
6409
6980
6963
5573
8236
7625
5313
1101
6304
6597
2751
8036
3598
4096
209
3120
3463
3171
3013
7623
9707
3422
5164
4047
8723
4219
6957
6616
8634
5521
5628
4505
4821
2096
7636
1684
6146
6185
883
6377
9576
3298
4448
4841
824
7460
7330
9970
4393
9673
2375
989
5747
3596
1193
3622
2594
5173
8214
6229
8497
8744
9245
7992
942
8896
2288
6154
7743
8473
8382
5302
4311
2637
2963
5372
1367
793
3824
9765
36
2423
7677
3024
2363
4860
3581
3093
1129
6448
2258
6688
9142
1753
6468
2882
2712
1286
16
4347
1715
7964
1359
8739
748
4228
5740
2782
7246
193
4903
7983
6346
1455
9193
7263
9074
3328
4930
4026
1900
1570
2184
1569
5105
2566
3180
5662
2109
8254
3319
7123
8334
3466
9197
6644
9424
3769
455
5686
115
8420
3338
3791
9340
5731
9363
1185
8784
4090
6457
4723
7181
5834
6439
667
8935
1068
2802
2212
9553
6930
2684
5257
3263
8216
3603
866
8401
4471
6206
557
8437
9744
2535
5607
6075
1930
6537
8186
4333
3588
6947
6552
9971
575
7071
4669
9346
7679
1262
3086
1329
1017
8540
5969
6863
8538
8984
9955
720
8093
7417
3838
704
2703
2710
3354
8735
6386
7429
4207
3234
1098
625
3455
2983
6862
5113
8748
3470
6006
6842
4022
4907
1465
3011
5588
1667
8187
272
3736
2350
4377
8421
4933
2030
9891
3687
8063
671
4270
5059
3386
6764
4893
3212
7909
2585
2213
330
8914
8969
4176
7907
3092
1844
9811
8840
785
9826
6449
5332
4583
6125
5758
6352
8944
5435
5597
2643
2226
6588
2923
5691
9681
8006
5312
1749
5831
834
1289
7228
9814
2948
9878
2779
6747
7392
2190
7276
3951
2931
8589
7413
5950
7960
2817
8648
1859
2269
5823
1770
6514
6261
4533
378
461
4357
8352
9506
8615
6683
4167
5040
2177
1156
4435
5490
8917
6582
3137
5130
982
5513
3042
8385
3757
9326
5575
4473
4707
6738
6276
3613
4494
6791
2804
5863
8755
278
2054
601
9680
7561
2725
703
938
6603
544
4003
6227
7136
3451
9700
8367
3844
3806
4116
5785
2654
3993
7651
4063
9798
8124
269
617
841
3286
1839
2549
3713
8047
7218
537
1401
9697
3775
3228
4805
9737
9426
9542
4926
4708
4592
9290
5889
4439
3994
6436
3169
5421
846
4772
4095
3936
5008
6312
7476
2968
2376
8184
4938
5244
433
5371
435
2744
8149
1153
2499
1228
5719
4563
6140
1857
7337
3462
5712
7058
7301
8575
3721
2229
4140
7523
979
8324
7000
8892
9885
1327
2577
5540
6214
8161
4425
4709
4454
7711
9134
5595
2900
1120
2969
6012
8060
5667
6729
657
7747
6097
1792
9019
2174
4202
1726
2611
224
2012
4776
8245
9348
2069
32
4365
5347
5481
1365
2453
3500
9208
9391
4873
7211
5084
9329
4431
5929
6891
5415
8706
5236
4051
1824
8965
6591
994
8243
3752
9243
792
1448
401
9082
7732
8606
490
4846
9317
3306
2680
7808
7446
6977
7082
1299
7340
965
6589
1703
5118
5298
1898
2666
3456
7229
8710
7750
4461
6772
9877
2320
6794
6711
9261
6822
1735
1436
971
1189
3
3573
5537
1716
6740
1479
4671
7795
9291
3436
2822
1050
7927
4109
7777
9103
5314
8870
4258
3082
8698
1914
4899
1634
5055
8158
8199
9059
8681
5337
549
7994
7914
3273
3973
3064
77
6367
6611
5288
5253
9376
1420
2858
1233
7837
591
5146
8970
337
1732
9007
131
3654
5736
4113
9374
2090
2156
7212
5135
5559
3931
5825
6395
2971
7319
6015
5920
7121
5624
7969
6009
8450
7234
6859
8441
7303
4711
5251
9210
8774
6196
5324
2827
773
3009
8834
953
4712
6815
6444
3533
2510
9623
3559
8568
3814
5420
7332
2551
2264
9141
2147
5946
4226
1272
3902
2493
4999
6882
5930
5698
1746
3489
9652
2244
6633
1661
5032
7971
1650
2230
1498
2356
5720
9031
5636
9785
7312
3595
9181
3663
3854
11
4691
4295
8699
8444
4602
4046
6047
3181
2608
5486
173
8979
7132
9323
56
550
4806
9211
3287
801
6459
6502
3188
3084
978
3974
4882
5277
9364
5334
9853
4591
5447
1660
5484
5413
4138
1374
4223
4773
4569
2526
5897
58
1486
2824
143
3606
8530
7996
8765
7866
7801
6169
9231
207
6801
9722
30
7895
2175
8028
1862
6297
3912
3536
8814
8251
4996
4868
1445
4239
8934
6308
7515
7440
1610
7624
7687
9414
9337
8545
7643
9490
9235
357
8319
7146
2155
6252
3325
9589
9732
4648
7754
6024
8218
8470
3421
9755
6937
1652
7302
4650
2374
9729
2543
1320
1351
9667
6663
8610
3997
3113
6527
4633
8107
8854
9159
6861
7775
5307
3134
9006
599
7472
1860
1084
3878
8617
8629
4298
3552
1082
2875
8769
4755
5983
8809
7444
8885
7250
4800
4884
5784
8100
5150
702
8533
6848
59
3227
8621
2867
2607
7274
8943
8189
3040
8056
6091
4172
2682
5868
6279
3991
6389
502
2831
4071
7578
9840
6509
9410
9782
1009
6630
7823
4082
5530
1066
8155
9508
4118
2602
5928
3527
2126
3869
4824
7144
2840
4528
6763
962
43
3177
6793
1171
984
8114
2525
138
7696
6382
6446
8637
2341
4384
1391
587
4276
6972
4585
7462
5766
3427
9188
7310
6881
4345
9123
7130
1091
9512
5711
6324
9863
9951
5798
1247
8054
3539
956
9600
2835
1124
7644
1321
8374
5552
9497
2116
8361
4587
2786
2498
6988
6726
9160
5229
4303
3343
9964
210
9234
8489
5134
2633
739
7068
5569
2701
3882
1431
7688
7562
6993
1152
2904
5133
4027
7900
6331
4614
7341
4736
5975
9301
1434
343
293
6045
2182
9739
8925
5944
860
7934
4064
1412
4124
8290
8900
7459
5157
4742
9656
4482
7124
8108
6413
8454
5446
6195
3839
8790
5379
929
8687
4050
1440
2495
7086
3998
382
102
3244
1057
2718
6327
4947
9110
3710
7215
5596
4863
5629
2312
7886
1002
5813
1232
8686
3210
7899
7835
5273
2605
3504
1073
3124
663
2842
770
4313
2118
6754
87
8386
1600
6521
7407
1662
5707
6143
7977
7114
8042
4068
567
2020
8745
9072
9810
1681
8235
5079
1425
2153
9477
8277
2988
4867
3728
7518
4984
1376
1283
8707
2088
8146
5544
321
4337
9412
7471
6018
389
8563
2878
3281
1206
3385
3886
6724
201
2006
5924
2945
9854
9434
9944
3590
7589
4338
8351
8767
441
6337
5422
2845
6080
3454
5873
9257
5679
4299
4779
9650
9616
7453
3334
7245
8932
4956
1029
228
6170
2593
9934
6329
3047
9993
7751
4323
2813
7603
4698
1649
3948
7041
6899
7422
5895
7344
9402
9857
9117
227
1938
4819
3796
9308
8226
2136
4296
6925
1395
4290
9932
2849
4786
4127
8645
7613
9252
7491
1818
1467
2411
8058
1978
5308
1148
2619
7135
6244
5965
9122
5248
2180
2471
1988
7152
8968
2343
3433
2799
2454
1456
5971
5352
8666
648
5156
92
5709
7604
808
4725
919
9873
7857
9250
9177
7956
4413
8069
5931
1956
9016
513
3261
3333
7293
927
2164
7022
3071
5576
4561
590
429
5649
9313
8936
8112
8113
1012
4315
6967
5009
3172
2117
2165
7283
585
5948
7029
8090
3300
5593
5800
9855
1275
9026
4316
458
9351
9327
368
9055
57
6927
4261
7154
2214
1813
9205
7325
9403
8304
7359
8643
8871
8718
4169
5881
1949
8529
3240
1573
9476
120
6558
7116
3666
6923
5211
4224
689
8015
5469
1580
2614
7386
1399
9678
8641
7400
9481
5697
2188
2121
6820
8654
7345
3439
8241
3872
9992
7371
5557
4997
1270
9805
939
3259
6672
3523
8607
646
7269
3290
6008
8355
6415
6995
7946
3499
9433
1541
9256
2561
9841
9806
3220
8859
7327
3126
9599
1505
3561
4126
8242
2743
6325
560
2839
8727
8766
7481
3707
1568
7530
6504
907
70
889
9999
9735
2084
3764
4248
5801
6114
728
361
6556
7997
1054
7216
2076
2656
7170
8831
9742
4438
7496
8467
2415
2211
9489
4636
9285
6351
8233
8898
1219
539
8292
9579
4275
8365
6694
3479
4217
6461
3441
9258
505
1705
6635
9800
8423
1387
9911
6334
9776
3569
8592
9907
2473
5339
4684
5777
5426
3161
9056
2073
5699
5061
8539
8824
6255
1565
8609
7482
8661
333
2335
4424
2570
8758
6860
6010
8928
9734
411
2342
2590
1198
126
2597
6370
2953
2429
2622
8861
7033
3712
3215
6691
6664
2186
1846
3514
3892
9366
5652
3941
6298
2844
2780
9386
1294
2888
8357
8010
6079
7060
2587
8224
8206
4920
2140
2289
7315
3015
2932
857
2857
9643
9283
7109
6071
3612
7186
7450
336
4673
686
6036
5153
3397
9115
9230
4771
9075
2906
7608
7869
5743
5654
6554
37
915
4385
3531
1382
4166
952
9003
3361
5560
9278
1113
6178
9331
1109
2705
8517
1241
5700
3496
8362
6467
5099
5640
9228
8760
6742
829
3008
1866
6156
5819
2592
1155
1092
5892
5404
6730
7545
1553
65
9292
6225
9062
3486
7592
1237
4147
8829
2745
112
6637
8291
4272
2070
8157
4464
8059
8660
6813
2082
9423
2334
7752
2847
8379
2240
7115
4599
6443
1687
3219
3649
4131
2441
1072
3109
7742
6458
1605
7102
9802
7714
1481
1626
8125
7663
1525
1221
2431
6132
8997
8143
6360
2055
8625
2050
7527
347
3140
21
4514
8948
3058
4523
1500
4335
1507
1496
5549
8576
7978
5018
8221
3387
5219
4874
1104
340
4738
1922
3396
3282
5592
6643
2866
1236
9829
7903
1752
777
3593
6485
7962
641
7379
4019
5936
6621
3988
2154
4004
9670
8077
4578
1128
818
248
2327
611
9275
3977
3081
5380
9462
7368
113
969
5336
3388
7300
1819
2305
8370
45
4731
973
4883
6437
2406
7581
8003
8874
7373
2679
182
6567
959
672
5039
6215
763
4227
884
1552
7372
7192
9646
1449
7958
9371
3879
3845
4652
367
10
4942
2392
7671
4492
7309
1623
6452
4759
8222
8689
325
9397
8263
8582
2407
8175
4089
8522
5162
8923
9151
8026
335
1564
64
8736
4598
3985
6100
9214
2299
7195
2242
7718
7464
4225
3873
830
9879
6269
3029
9804
6905
3191
349
9621
6799
8209
3820
8438
9447
7387
1347
4379
3390
3114
9683
1043
5555
1905
5425
5802
5741
3801
2321
2022
1476
2625
8449
7544
1550
5829
7945
5807
4720
6323
1229
9927
4011
3684
4842
4570
3132
5408
4915
1077
7012
8873
538
6294
6460
3243
4630
9483
2964
1845
5626
5495
3540
8148
1828
1993
4881
1048
8046
2910
7657
4254
6
3706
2227
7542
4052
2905
6656
2142
5210
845
5684
7995
4746
7948
6748
3905
9822
1
5170
235
1187
1642
7827
1264
178
6176
8178
3003
7477
4177
9268
1125
6249
708
6568
7798
1394
2290
9229
1587
2807
1463
5525
2414
1896
7813
6749
2160
5436
4543
3650
7084
5317
6580
8516
8665
534
8084
9057
1811
4686
675
1025
1607
3911
547
8734
8903
1173
4521
3957
3352
5745
9099
332
1352
9209
8092
4789
7226
8570
644
9163
4035
8499
5284
8104
8482
9044
8431
1450
5864
2629
5410
2959
1458
9783
1717
6926
3709
8573
6266
5077
1176
1628
4415
7129
2494
41
7377
9920
2523
8605
5949
191
5131
742
2277
6391
4249
8569
8816
6919
1814
6260
3457
2723
5858
8181
6681
9711
4284
9385
1166
8151
6303
1987
9384
1422
718
7680
9322
6148
9170
8446
2457
5136
9969
9809
6725
1461
249
6703
8879
6316
1877
4606
8432
6059
8580
9629
1669
6929
2598
9296
61
8566
2437
1511
4441
493
5444
1281
8078
9066
6019
8741
7383
6872
1404
6263
291
7642
3076
8890
2389
4151
4390
7848
835
2228
6040
8910
7796
4840
7439
909
9004
9425
5271
7546
8500
5103
3608
1350
5083
5459
7489
6852
3635
6238
5228
3813
9175
5605
1942
2130
2886
5392
8310
9959
955
1469
765
1676
8999
9996
9430
1560
8977
7931
6804
9622
399
7070
6519
6130
5443
608
8228
701
6918
470
2146
414
9908
9478
8456
60
3232
5883
2404
9167
3128
8815
3847
75
4289
426
6723
3340
7926
7929
5570
5872
5002
2308
176
6578
5094
8927
8052
6864
7374
7480
5203
9112
6959
7399
1654
9111
7024
5972
2815
8820
8106
9760
9273
8072
4976
8750
1483
7182
6027
9807
8775
7628
1737
4449
9155
1037
1192
9370
6479
3197
7820
4213
6085
1595
2388
3162
1759
2171
1745
1039
1414
6900
1116
4922
4206
3829
7547
2818
7531
1383
7550
153
9398
6473
4945
8273
2421
4546
9834
6531
7702
9614
3491
2554
8895
2531
2047
4058
9356
896
4782
2977
7734
5411
4185
6067
1637
8062
6181
1298
8417
9303
9310
7736
6606
5916
9405
9127
3678
6917
714
2655
9192
7764
9389
8780
5775
3620
3754
3804
7311
8975
9438
7079
7560
515
899
13
1319
2733
6050
7200
2660
3534
7818
7738
4640
7093
341
9702
7017
6183
3196
8880
7389
7715
9020
2993
1651
6431
2463
7593
9788
6843
7730
7292
9083
8725
8182
6888
3633
4257
7217
9725
8336
4350
296
78
5739
80
4508
9011
5074
218
284
4099
8434
6769
1886
8196
1646
8733
7249
1769
3562
817
4740
6517
7620
5809
1873
323
970
4059
9833
1405
7961
3226
4498
2962
9884
5115
4856
9792
3673
492
2333
6087
1094
9572
3925
39
8384
5031
8250
6851
8285
359
1690
6371
9204
865
8270
8204
5066
7739
9573
1917
3236
9766
8905
2348
2449
1951
8340
9660
7107
4187
8037
4586
9036
5096
6192
5453
8135
1102
5695
1751
8581
8772
109
7705
6855
9309
4791
8534
4734
9459
4981
1549
2105
3430
3884
7239
7862
631
1200
9183
6844
8238
3680
6201
9236
4012
2610
9094
212
8252
7585
8700
9029
9541
6043
3133
2019
5262
4154
3621
8327
8595
9360
6961
7156
4904
6462
9596
8865
9823
8443
5178
6667
456
7297
6063
3119
1278
1318
9417
2994
8907
8799
2998
4728
8507
8600
5373
9910
5571
4839
9627
1968
8286
9976
6292
5901
917
18
5042
950
9608
7719
3714
9449
9851
8776
1915
568
8240
1426
8915
4125
222
4366
2721
5610
9693
123
5109
1336
8265
3002
5566
596
6922
7782
503
7594
4075
150
9416
8429
2460
299
6778
2181
3379
4565
3477
7512
2511
1809
7015
8524
2010
3759
5543
9501
8804
5572
5961
3031
1308
2135
5355
7828
8103
5127
9041
5615
5849
2687
4173
4818
2456
5599
9645
2144
1210
1248
2487
2034
807
2616
9294
4222
6572
9791
5089
8320
594
1380
7405
5820
2776
4830
9369
6072
2595
8478
3782
1255
2340
7380
9223
5485
7044
5245
7264
9133
2465
6084
2297
1848
4030
8565
2063
9815
6237
4739
8994
4072
5500
8294
2562
2956
9963
5492
1754
5279
6366
6032
4133
5647
595
6048
5723
533
2662
4706
5033
2631
4831
9201
400
6120
4909
5827
8839
4317
3194
8288
4281
7410
4419
8906
7003
5511
786
7375
871
7918
3475
4084
9383
453
8169
6854
3819
1133
7157
8343
5451
4953
8268
3623
9797
1296
1539
4676
9563
8495
73
345
3817
930
8812
7532
9988
9023
5523
6628
7745
4386
4306
2877
3198
7256
7493
1981
5187
6081
4037
4936
3324
7865
7110
6892
9547
1606
7990
8405
7425
2400
991
7596
1882
2245
668
576
149
2890
6886
2233
1372
2879
4368
570
6280
6991
3272
8166
750
5206
7351
1518
3482
6584
9104
2231
9595
4608
4710
6889
3551
3567
5003
7821
5310
4967
3238
7816
8684
2580
4149
8554
2459
6285
4430
9034
3157
9224
9267
8391
9915
4198
5071
3025
8217
2772
6057
3363
5063
778
4392
1199
7878
7540
8844
816
8089
4483
6642
3576
298
6023
9135
5542
2887
4418
9929
5752
3135
1933
7442
4189
2159
4426
4376
4456
8390
2295
4991
7793
3543
7891
482
7171
1478
9219
2178
7712
8795
9864
4092
5683
8347
3155
8079
2833
1342
5282
5442
4769
2209
9898
8043
208
1966
5548
7789
5201
790
2862
2848
6992
9724
8005
530
9485
9343
2323
5604
6652
6647
2395
9957
7853
2285
4751
5715
6359
203
8926
3767
1906
5304
5580
5578
3412
7193
437
4807
4232
418
2752
7187
621
8789
735
9431
2749
7902
782
1609
2696
2351
7598
4768
4120
934
6381
6697
5590
510
3896
985
2028
6831
943
6529
3383
51
546
9781
8983
6526
2100
4589
6945
4690
2434
4675
5634
1901
8872
7275
69
3625
288
2671
1963
3222
7700
5850
1559
7173
9107
4061
1252
7074
259
5143
5613
4562
1821
8141
1957
5022
3895
9952
7856
9919
6773
886
902
6966
8260
6608
6916
250
4354
6198
7180
7406
5223
2486
2490
8587
6542
6856
4112
90
1829
1159
3816
8959
3027
4862
3727
3789
4960
1567
7840
8451
4870
3204
9498
494
8353
2405
7475
3285
3392
5811
74
5342
6184
7056
2325
8073
2856
4848
7259
4519
8000
4816
4231
7272
3213
3022
1799
4525
3159
990
1682
8490
2567
3201
7675
9903
300
6716
5091
7343
7741
7944
8215
2151
823
8247
8372
1344
7335
7729
7959
6189
2759
464
9846
859
1484
3864
6789
5959
8264
309
1927
8911
7363
7877
8599
9687
9544
472
9097
7463
7162
796
7709
9894
8070
1897
5086
9027
7822
5664
8837
342
9030
5382
7238
4355
8408
7441
8792
9843
7672
9639
7433
2497
442
9696
3724
3189
4269
7534
354
6646
1601
876
2479
1912
3209
1880
7881
5343
4188
9378
5154
6456
8375
9372
6912
8480
3507
3400
6614
106
8044
5648
3546
8377
4577
932
4369
1579
5558
1494
6499
5675
1561
5639
8439
9789
5603
9989
2935
6932
2579
7164
2596
5616
698
142
2901
4822
4817
7716
9632
8603
6210
9048
1194
497
8360
853
9914
263
6403
2646
186
3258
8234
7539
6766
3968
6396
5705
4696
5137
7575
6208
7009
460
9812
2995
3034
266
4062
3277
2478
5941
1020
1622
1499
5190
2332
1335
8132
7839
2353
6623
1724
7634
2424
6138
3260
6779
918
260
4929
1852
2032
980
7030
2572
762
940
5476
9930
9129
1042
6272
4678
7026
2976
6033
8168
8061
6078
7772
5199
4060
5095
6212
2601
3861
1495
8283
8422
5822
1534
8768
6838
5177
28
7652
2859
3288
1954
2241
4657
5776
3868
3568
9721
3208
1768
8722
8601
2387
1932
7669
8331
5817
7524
5627
9591
1546
5054
3315
8671
2556
6879
1742
5259
6924
3142
9124
7670
3313
8612
9545
2965
4497
1903
2416
5779
2586
6322
4294
3849
3655
9984
5533
4397
6830
4719
1403
3930
5346
9689
9872
7985
976
465
5331
3641
5512
9437
204
3468
9184
9708
8257
1454
1698
3626
2933
6219
2001
8282
813
4854
1635
6295
1803
8455
5644
2673
2908
1909
3038
8172
5247
2152
3549
8121
4044
8724
5951
3265
5498
9413
6105
6503
6165
6935
8518
7468
7225
8697
9320
6576
6246
5001
4320
779
9619
1349
4689
9335
3526
9392
8588
4502
745
1520
4609
1720
8929
4300
9617
3341
7018
3812
1944
