3105
4369
1815
3678
2225
9051
5274
5565
5352
8264
6327
1301
6463
9608
4920
2875
7501
9474
9125
5646
3796
5115
8320
3783
599
2125
7938
605
5105
8149
5684
8176
6094
3242
9551
1178
9282
3014
8229
3296
1563
6279
3126
4277
7521
3527
3836
2755
6166
7148
985
1094
8000
9872
7426
9295
634
6567
9155
3409
4487
4733
7882
7959
2572
1284
9489
9417
2969
4663
8751
7423
5879
9855
8731
381
4358
8843
4575
6937
648
2696
8313
6876
1674
8541
1596
2787
358
2003
911
424
1577
8512
3495
3931
166
6150
3608
2644
8018
2785
852
8482
5380
5498
2800
7238
7558
7174
9215
2558
6976
3233
4350
4246
6560
3710
6211
6477
4395
4527
2633
8439
7927
3883
6657
4462
6043
293
4880
4240
6216
6840
5076
8809
8807
103
1567
1655
6
439
6541
5136
6148
2585
7855
1020
6561
8987
3431
6102
276
1125
3979
8090
1805
9793
7812
9202
9040
7073
510
9003
9873
3060
4546
9748
3549
2835
2238
9158
1791
8705
4428
1694
4816
6898
6887
8801
5970
344
6961
9016
7415
7561
7209
4990
569
851
8349
4925
3356
1696
1320
1846
2775
4218
8148
5986
8197
3406
6531
818
3587
5144
6053
760
6223
8567
9404
3538
1729
2509
3266
3747
5174
2580
452
6056
4094
8965
3295
3646
737
4766
8127
5679
1816
8536
3206
1723
6349
2306
9991
2847
6154
2116
9298
8493
1072
8273
5275
7382
1952
6483
9409
1032
6382
4217
969
7622
8321
5665
791
3299
8378
4031
1807
1722
7797
8964
196
3088
1801
3232
2642
1770
4556
3835
4607
4751
4383
1202
9160
2557
1183
4638
7874
3017
4230
2515
8088
8416
1597
8215
5381
3284
7958
1748
2520
5993
7373
6276
7522
7341
3636
3782
1605
8900
8658
5304
2829
8905
2345
9553
9805
589
6729
4507
6688
1948
3550
8420
2950
8849
7117
4596
104
669
8972
515
3899
5681
1936
2391
5385
6955
9033
8896
4669
8096
4117
141
6761
2766
1143
2704
5722
1151
3297
1029
7468
9695
5864
2429
1928
6613
2384
3810
6819
8259
3172
8539
7398
7253
8079
7461
2937
4541
2048
1918
2077
9760
2964
6117
3312
9940
6678
8885
9085
9336
5573
6910
6604
8604
7646
5167
3671
9700
1196
6160
7298
7611
46
8599
8882
763
4150
8561
6872
9123
7326
2071
2883
1249
9584
9761
3972
2475
6111
6384
788
6021
4437
6940
9830
6272
9460
1446
941
8794
6839
1232
655
7011
1626
9032
8862
6071
6399
265
3458
789
1228
1420
3496
1376
479
348
1111
5632
5892
4611
9224
2715
8177
7355
9207
845
6106
3135
7493
3385
8741
9684
9250
5125
557
2401
4135
5319
2436
4891
9396
3106
1618
1727
8424
1530
137
5473
3949
5187
96
9524
966
4759
6695
9147
6732
500
1230
4290
1987
846
4356
5431
2467
131
7388
4410
6274
4453
588
6174
8982
9118
6843
4166
9592
4372
150
1700
8271
5926
183
3038
1371
2049
1418
3961
8309
8892
7707
1081
2199
8102
781
2449
5514
4093
5059
7715
1078
8231
7474
1394
9848
2431
6829
3964
8744
108
1219
9969
1686
5672
3240
504
3372
3815
7943
5967
2496
2527
2860
218
6990
6958
2771
4373
6971
5142
6658
8239
7912
7755
6862
548
1246
9517
2609
6570
8612
604
1869
8400
576
2844
1734
8419
6482
9328
9212
2837
5472
3153
2481
3909
1989
5427
2505
2415
7140
2684
5299
1048
9538
3521
4779
4856
2498
6308
1220
3561
5121
5997
9707
4767
217
1707
6395
3027
3418
1779
5881
349
432
8268
2261
4703
1627
9502
8890
8764
1019
9618
2690
1741
4022
8433
227
101
1751
996
8748
6935
4071
5521
8456
9924
2204
8055
5972
8136
4870
1413
2531
15
5929
8597
1544
5358
286
3139
9354
3534
6042
4712
4106
9284
7368
8112
6059
7042
2352
5467
7066
3650
7507
4809
3597
7779
9967
4691
317
6280
7850
2169
1299
7967
7543
3394
2714
1451
2064
3779
2173
3034
9210
9658
2868
9822
9278
4182
2062
7908
6487
9916
1637
5804
4547
7196
7605
4037
3086
5053
4981
2380
2957
4302
1810
608
9681
1086
3562
8030
1403
7114
6473
635
4841
4104
9108
7550
843
3136
7043
4965
8183
9650
5688
1650
1215
1783
4951
2134
2400
7031
3508
4502
5524
1498
4961
4450
8818
1464
2299
8380
9936
2008
1443
14
1503
3749
9512
4109
469
2999
430
258
5702
6076
1115
3443
3030
9459
5690
8667
8974
2283
9844
7390
8288
1665
5779
2089
3054
170
3145
2588
7103
4449
5165
5007
3167
8641
6416
8157
4138
2060
5677
8511
1079
1423
3666
2297
6939
8270
8620
6946
6941
2057
6124
8936
3643
9824
9867
6503
9632
5599
4505
4364
5166
4485
7736
5667
9136
6844
1896
2140
8852
4701
5581
5734
3067
9704
4934
9371
7659
7595
6404
8449
4185
1548
9963
8043
1996
5116
87
4718
4538
1003
7997
4023
5306
3555
3997
162
2752
6733
2678
6706
6080
2773
7365
4287
7016
7877
6235
7255
5279
6396
6679
8858
1455
1197
5245
3446
6565
7678
6453
7166
4734
9903
5626
3503
3318
876
4711
6060
2153
8241
2653
2457
806
2482
5250
7591
6885
1992
7030
4564
728
7950
840
7359
5714
6672
9257
2763
6590
6783
665
2208
5355
6470
3837
7940
2126
5207
147
5989
3075
4803
9506
6681
2240
6466
182
3068
2418
2177
2903
5777
8311
6033
3250
9166
6415
5270
34
8993
6135
5281
7749
9654
5468
1519
561
3484
8053
6529
9452
4161
4170
3114
9905
8417
6832
3331
7992
2879
4795
5862
6721
8593
475
7557
1171
2809
5616
6654
4994
9816
5480
4252
7808
2170
5454
2993
4028
4087
2492
4682
1978
2363
9578
8367
2350
3878
3263
7647
5973
7383
596
7252
9862
2890
2448
8754
675
7648
4025
5445
2442
2081
7979
2570
3888
8672
7009
2623
5438
2971
8628
4289
8165
1002
1174
1372
7330
8608
2793
7892
8480
3852
9165
5563
8267
3719
2348
3522
7536
7299
2606
315
4977
472
9702
7572
8573
7008
5590
5124
8361
867
7559
4253
9577
9332
9252
7560
8032
7022
2641
4810
6149
5529
3133
2452
1553
302
8277
4264
2942
7262
2034
880
4463
7366
7529
4936
857
4946
1839
6584
8793
7424
3661
9062
7108
7173
922
9228
1282
637
7127
333
1640
5297
1076
5010
4036
1307
4535
5895
3659
3773
1018
5020
8525
5034
5628
8803
6974
7296
3144
3989
6587
1573
4857
4389
3588
7824
3682
7024
9234
2198
7466
9688
4147
999
1101
4511
2056
5216
8870
8278
8991
8874
4455
3336
8147
7356
5937
5301
180
6270
6514
2023
1782
3315
9467
6342
6100
3414
4498
3255
9884
668
4678
7538
3059
3491
6443
4761
3441
8019
5413
9306
3094
8617
1584
3893
1855
26
1270
3217
1188
4657
1592
6685
8429
3505
3256
5790
7303
7583
6121
6908
556
1837
9999
5786
6439
6616
5745
3797
1845
7285
3279
2594
2866
5832
875
336
124
942
3433
4196
6641
5384
3951
5210
2729
7734
6125
7710
4664
1664
3954
7402
9705
7506
3055
7773
7677
2375
1724
7991
9575
7539
6743
453
6476
3123
4002
7869
4745
8743
6557
1689
5276
1939
6359
3655
6687
1059
1237
5550
7903
7414
4473
8655
3267
5947
3558
7517
8863
8817
3900
8784
8427
7210
4000
3732
6715
1915
5894
8301
4531
248
3248
5721
3435
1630
4005
1688
9928
797
5223
2740
2130
4204
3684
6628
9829
9974
722
5998
1146
5896
1377
6702
4627
2185
7554
347
6397
263
896
5559
2759
1279
9096
5040
4026
1750
4563
837
4378
7783
5931
9559
2548
913
4374
5662
8056
3479
81
4187
4587
6968
532
3424
5389
8327
122
5161
573
2090
5230
1453
3080
2692
1934
5999
1447
8770
233
7787
6077
884
4209
7314
4685
7092
3161
3354
66
2955
9971
1113
6445
7321
7485
545
2162
3761
816
9698
5288
8386
3851
3339
6380
8299
2331
9505
5293
4830
529
7118
2741
4154
6171
8379
457
1908
2597
5181
6589
7176
3967
9131
239
6474
6260
7640
9466
433
4628
2117
9268
1071
3101
4882
216
7624
6409
5835
267
9157
1380
539
8477
3098
1635
1077
2158
4039
2694
7584
7930
2733
6923
7526
1388
8888
7754
4333
1148
2277
3115
2857
8594
1268
3920
1645
584
5333
3176
7279
1135
9129
8657
9823
8031
7830
6901
423
9172
9542
6497
4743
6267
9718
5654
4524
6427
6888
9782
3992
7420
6444
1256
2312
3758
7119
3737
6352
9619
2016
4791
7478
6241
5399
1172
442
3428
8845
4700
7697
8351
6542
9610
6922
9611
7589
3061
2474
2145
2895
489
812
5978
3329
8724
7691
7134
4633
2760
7111
3174
9192
6977
8225
7109
9631
2944
3966
9078
3033
8368
4985
1075
9792
8491
28
8059
1234
8120
8756
7301
2354
1425
7658
4885
2968
8398
7711
1911
1375
9951
5459
5420
2435
1715
7396
1344
631
8978
191
612
2103
7139
7313
