745
8
742
282
428
683
755
928
697
518
765
30
149
213
898
556
888
21
329
458
365
557
634
527
485
952
715
667
956
586
826
233
815
138
404
865
399
954
115
612
187
247
306
544
494
161
467
194
281
273
652
246
325
998
470
996
829
5
631
664
242
548
152
220
284
20
215
798
913
162
832
916
264
167
260
871
409
903
32
987
224
950
746
781
902
77
217
321
701
941
537
786
795
915
389
198
22
671
216
616
469
444
302
881
582
869
805
677
982
503
935
734
308
822
251
277
414
901
336
39
599
554
572
767
370
350
46
395
122
792
718
323
840
176
819
926
145
546
977
682
940
739
203
994
753
696
411
676
959
211
638
356
12
72
474
348
785
123
896
983
973
1000
114
381
866
812
443
553
453
961
112
178
695
310
439
219
240
649
94
680
813
929
756
101
595
945
562
278
618
531
202
823
747
499
630
972
429
619
818
179
440
965
601
606
386
585
975
191
33
624
212
679
181
728
262
320
140
207
401
80
777
491
849
909
924
70
36
937
407
241
517
252
464
456
9
287
895
265
581
885
18
257
119
759
661
886
165
204
762
450
542
283
476
809
717
199
118
315
479
342
875
201
466
505
623
704
81
235
3
62
393
92
357
791
424
346
375
417
298
316
473
833
128
971
949
108
175
854
86
776
844
24
507
226
831
168
66
68
182
990
807
673
814
876
489
536
646
768
269
13
804
962
490
775
993
543
48
702
502
42
351
986
878
752
670
487
591
361
797
228
293
564
642
27
63
741
541
195
864
938
157
733
685
31
678
914
567
931
53
433
427
772
422
116
289
988
598
787
163
703
454
377
447
35
83
808
602
712
934
535
493
806
244
136
662
131
732
694
858
770
551
600
904
880
372
403
932
930
641
189
103
484
859
279
874
763
309
420
256
699
917
25
214
907
449
234
816
953
635
445
596
17
67
744
488
275
847
520
353
550
296
14
413
477
848
423
225
301
416
337
91
978
737
218
184
515
533
159
855
327
510
968
509
577
40
605
172
714
698
951
645
861
979
360
285
607
406
426
516
69
721
923
566
261
674
578
724
838
34
448
889
192
472
359
911
738
397
828
883
575
731
766
799
174
457
921
317
796
343
705
573
437
382
155
121
498
708
997
991
394
61
709
29
79
438
860
333
442
391
133
425
592
90
243
571
568
960
89
525
764
124
11
288
250
125
636
188
514
274
633
272
349
324
400
789
156
583
842
104
328
905
106
38
800
19
430
396
528
729
511
604
989
754
345
245
388
71
614
238
268
384
376
920
164
481
611
471
135
334
383
7
730
897
173
870
45
85
576
117
371
58
132
436
120
984
784
719
446
668
65
970
431
110
748
958
305
710
689
868
482
465
873
314
713
330
412
655
87
237
908
700
270
10
639
780
6
526
690
725
504
154
43
236
711
177
492
134
856
15
153
97
304
565
939
239
137
410
147
340
561
643
74
720
723
830
295
836
37
757
331
821
311
297
609
627
892
421
706
654
344
657
900
684
774
659
98
253
893
693
686
688
621
183
73
84
200
459
995
648
653
726
779
769
368
992
890
974
151
936
887
434
88
180
105
229
820
354
185
590
248
378
803
555
872
294
910
107
569
608
379
452
93
716
559
380
398
148
150
675
432
751
853
761
57
497
338
837
508
547
339
2
230
205
863
810
788
846
197
258
580
771
374
610
628
891
390
186
1
54
613
879
99
545
392
651
644
495
47
160
669
558
899
593
629
691
266
82
843
512
4
435
451
56
326
347
402
227
736
419
658
532
782
660
496
946
113
850
793
523
650
111
223
501
222
852
663
478
692
957
319
594
656
927
486
64
60
468
171
884
335
55
455
867
255
944
549
622
740
170
584
617
129
964
100
300
280
948
976
969
358
367
462
318
912
943
981
144
480
626
563
126
845
51
408
783
825
276
790
158
851
963
28
839
862
405
332
760
672
307
366
249
483
130
95
817
441
841
254
588
552
208
475
299
322
500
209
835
290
341
286
50
925
894
637
570
415
681
758
666
967
574
385
801
139
23
352
369
834
794
16
778
210
919
540
312
640
933
603
26
196
918
206
522
579
985
313
232
632
373
773
363
109
263
947
461
44
513
597
303
589
942
166
906
96
811
141
521
221
727
620
169
259
722
530
292
529
49
127
955
707
625
877
750
980
418
142
271
524
463
52
364
882
802
966
922
78
534
743
538
665
560
587
102
143
687
647
267
857
146
539
735
75
362
190
827
59
193
291
749
615
519
76
460
824
387
506
355
999
231
41
