600
610
891
304
86
539
78
299
387
218
956
882
946
803
103
142
283
492
419
137
769
693
670
702
436
217
231
726
251
847
108
718
912
193
653
431
259
509
647
235
52
288
765
817
380
127
729
117
87
529
242
706
18
983
111
738
673
237
60
545
963
31
265
856
683
487
362
589
32
723
720
585
101
801
332
249
206
2
832
880
586
750
542
210
632
277
408
105
501
6
401
839
25
125
874
389
227
68
353
123
561
648
199
898
708
327
26
494
741
596
591
796
637
424
322
23
748
645
257
944
190
331
818
36
358
373
987
247
97
766
650
55
562
129
815
869
978
662
166
808
926
658
45
208
160
998
293
555
823
612
