3455
8403
6558
1134
7399
9491
7018
70
3304
6002
3082
9321
3177
937
6350
5303
5094
1116
2591
3257
5800
1846
6755
4463
5259
3958
2524
5491
2518
644
6444
8999
2282
7088
5043
2326
5428
308
4248
5558
3404
2779
8795
9080
6676
3119
3231
8078
6025
7095
2861
812
1197
2493
4484
2989
4548
1472
5281
9108
8579
3214
3773
2060
4907
4157
303
6480
1401
9121
5463
4447
9773
1686
7130
6853
7525
9428
8766
1244
5480
3791
1768
7385
6263
352
7483
649
8947
2646
7479
5633
5487
8496
2914
8098
7896
340
8278
9700
1524
9973
6580
1042
7325
8580
8920
4409
2674
5938
7412
6943
9064
2619
5092
5773
7731
6777
2012
873
7243
4065
987
1350
8129
8887
2048
9935
8661
9963
8026
9171
2661
5301
3935
9632
6994
3045
5852
1936
6071
382
5267
3154
1745
6667
5962
5673
4980
4394
3339
2381
8893
4981
8935
6891
5258
2819
9043
1053
673
529
5568
8740
1899
2426
5895
8782
9402
5670
3037
7030
4138
4282
1030
9663
7295
603
3096
5652
891
4429
7890
7601
1884
5175
4801
3306
7794
9269
33
7744
2669
3288
7490
1643
213
3472
6496
3896
5932
6000
1522
4043
4561
8958
9288
5069
7407
4214
6339
5422
7562
2979
5834
4761
958
8059
5283
5298
5829
3737
3038
8711
9966
4817
6861
1803
6223
5835
2468
6194
3424
6599
911
7437
9367
7719
3566
8565
7085
7108
5587
3486
2
7655
8571
5107
1944
9164
2383
8130
985
5923
7054
8630
8531
808
7248
2278
6570
681
6420
2936
7999
6782
1162
6695
3668
3937
4263
1706
9403
970
4875
8844
6769
554
4367
3426
934
3446
4260
8275
1892
1419
6488
3283
461
2161
8814
2848
3641
2734
3738
4601
4311
2592
5099
3538
9802
9028
1829
4237
3687
1093
7195
7545
6608
4567
5138
8596
2555
9057
6007
1448
318
6177
884
5385
2788
4357
964
7384
4148
1387
2736
3064
3870
7363
9588
829
6766
6154
9479
5403
3838
9375
477
7922
9071
9781
2338
7745
8733
6227
8302
8590
342
9799
4726
4843
8490
5415
7051
7027
4533
4997
1041
2423
7955
5658
1187
2780
9827
6737
6393
5873
4613
2814
1794
2192
1695
9945
5803
375
1256
9466
5041
5936
4369
3724
6793
7000
5323
1309
9544
2274
8232
2816
9485
5050
4359
5015
1759
3633
7599
4932
1568
7133
1561
6265
7895
3658
1780
7689
1724
3715
1214
3028
4169
2802
6129
956
3247
7893
1130
8520
5624
4363
6869
2504
785
4462
8982
1861
6669
7672
8006
7100
9970
3865
41
2407
1057
2622
5332
696
3234
6563
1775
9004
5867
6686
4984
8463
8850
3888
3786
9980
5090
5752
5469
5646
8146
4951
8334
7482
9056
1007
6463
9929
489
4491
9933
3417
8261
2230
9758
4198
9522
9541
1657
5861
3629
409
5289
8625
9195
4569
6207
4931
6411
3497
9017
4405
1576
8736
2183
6771
7515
7184
1354
7932
2783
5539
5010
9085
2961
1652
7492
5547
731
2949
3627
5896
8983
4640
6953
4886
6397
1993
6896
2599
494
8792
6353
9532
6944
8707
2430
5193
1772
1016
7415
176
3781
9757
9940
5168
7150
5623
3158
5501
2212
2607
1083
8911
223
5217
46
1636
655
8076
65
6630
6646
5845
7145
6561
5213
1062
5737
3470
7897
1460
3764
9270
9159
2735
2160
7017
8228
4595
5184
6685
1059
4140
9143
143
1324
6575
992
9633
287
4425
646
1908
6481
1048
1396
7771
4298
2262
339
4944
3644
7713
3005
5575
9816
8636
5514
4189
968
3675
4970
3001
2554
3349
5956
3015
3919
7283
7069
348
4949
6636
4489
849
6418
2225
430
7688
1153
3331
7131
7573
4455
6267
2164
7224
2140
5889
2023
4385
810
4933
5506
4002
4451
4293
6656
8770
5218
8171
6683
2910
4186
3744
784
1484
666
3385
4676
8499
4398
1269
7564
7113
5885
7503
8284
428
6320
5595
832
6383
6999
1443
8689
6144
3699
1694
1314
7607
1166
694
2131
4194
3105
3741
5413
9527
1527
6388
662
5671
3403
5629
2414
9292
3746
2170
9789
1495
9002
8440
854
3852
7650
9779
8781
7311
7094
4877
8936
3324
5432
6030
3665
1844
1393
5643
6841
6076
9359
1845
1127
6094
715
2854
6426
9500
1533
4669
7368
6385
1104
1578
316
9344
7275
621
3173
9669
8116
6525
9836
5127
7443
762
9707
9854
108
6484
6167
6671
9363
6643
8384
1066
3282
5337
4364
9391
5648
1738
2608
4090
4116
2904
7648
3990
2709
8745
7290
7238
2672
7677
5971
1731
6687
7936
4500
6835
1602
2683
4250
4459
6916
5201
8686
3520
413
127
6098
3595
3987
7306
6857
2747
609
4083
8277
4525
8647
6450
7863
3962
7775
2587
5528
6199
6641
6593
1600
2461
7976
3599
3805
7967
9329
9283
2841
3885
6894
9917
2879
6102
3689
4996
5251
1503
6812
6680
9102
9976
7708
131
5866
9870
3444
2000
6310
1773
5955
838
5056
3601
876
3613
5698
2218
9346
1028
2583
4032
4239
7992
5207
7837
8007
5272
5860
9118
5071
4506
572
8136
5858
5753
4937
5512
4144
6979
8075
910
9304
1645
1791
7234
1113
8055
7293
9023
3499
9297
2277
5117
4253
1539
4916
6927
4338
483
9656
2506
7880
8214
9408
4680
5400
2286
2382
2896
9421
2108
6408
3735
4579
2784
3333
3191
6839
9889
4739
7681
3585
1776
2900
2530
9350
7040
2085
7871
8582
7944
6142
3097
8226
584
2109
5327
3567
3925
4990
2967
8734
1173
7204
6847
9797
8340
9699
755
2435
354
2680
6382
3114
3106
8876
5412
7509
7044
1257
8738
7814
3000
7148
1338
2396
5297
2451
3763
9435
1481
3337
6240
9635
3137
7416
3620
2924
2342
8521
4420
7663
4576
6574
3529
5360
9473
1535
1559
7121
6560
396
3475
8326
6821
8252
9031
570
5030
1656
5640
7136
9512
2497
9458
3790
2078
1388
2093
7241
1582
6930
2234
5548
5933
2930
7386
39
8854
4479
322
3709
2115
5003
6132
5244
9658
4544
1224
174
4283
9523
6303
2424
8895
6522
9443
7058
9740
5950
4531
4704
9743
693
5731
97
3144
6364
186
7070
7978
3989
7785
3921
586
8268
7491
7963
3647
1402
3006
9982
4167
4664
3376
9650
4706
6816
3944
9877
4176
9128
2128
4819
3789
9279
6344
9974
7405
2010
1262
1560
3843
3007
7981
6211
5808
3797
578
1588
8921
6597
8270
6423
8573
5162
6915
2253
793
8564
6448
4709
7376
4550
819
919
9614
1404
9599
9308
8870
359
3321
5114
9264
8064
9702
2837
2831
3160
935
7786
7144
8207
8606
9360
4779
8976
9961
8605
8699
7250
1741
6106
7268
1277
9452
4778
4296
26
8049
8758
4493
6451
6644
9248
4554
1008
424
4006
4631
5989
906
6548
2836
1680
8843
8084
1824
4081
8569
9516
7779
8329
5148
4922
8966
4896
3448
7834
4713
7164
952
2993
6874
6028
837
2798
728
1056
6552
5296
2032
479
6913
5132
3729
705
3143
4271
8660
1227
3755
7109
7198
3569
3296
4150
1685
6764
6998
1624
1463
7546
5620
2517
8775
1297
4809
9504
5377
9709
5944
6705
7496
1305
8125
2486
8288
8915
1839
177
8365
508
4861
5086
3928
8443
3703
478
9316
6569
1119
8461
3681
9597
1011
859
3490
4037
2960
718
8123
7908
94
9639
7146
3429
3947
1938
8624
5927
8314
4360
733
8964
8058
974
141
7213
2260
5282
1850
7872
3279
5147
120
2809
777
9800
9533
1019
569
9206
6696
1689
726
7591
4185
5879
4501
9070
9086
7807
2844
9291
1996
9942
7115
1074
2409
8402
5011
7832
451
8508
7059
5751
4057
558
4460
1854
5483
7128
4747
3322
1433
3527
3612
8727
1151
4358
8822
6995
9187
1719
2223
2552
2235
575
4894
1125
3721
7498
7582
4231
4319
440
4015
7340
7123
8103
4404
831
582
1360
4814
8024
5083
984
7827
2536
7042
1482
499
3052
2249
1055
8349
7458
5436
2585
8937
5977
3671
4075
564
3574
6740
9235
1430
9744
4759
6204
6903
6130
2942
8238
5255
3065
6072
2675
8318
7227
4526
2677
1514
9469
9951
8281
6806
5722
116
7096
8157
9711
6038
4482
3335
5390
1547
323
1075
6833
4741
5082
4769
4767
4432
703
3931
610
7569
3643
1669
4848
6124
6183
8430
3275
2004
8706
9995
9590
1369
4389
1315
3344
4413
9307
3672
5314
2980
4583
1752
8639
5383
3398
5429
2219
534
2375
2185
3770
6718
5232
629
2310
3167
4536
7840
2774
2236
4824
1647
320
8526
5946
3751
2846
2513
6380
5760
3500
5777
7420
2732
138
5474
3248
5854
5684
5890
2478
5339
5177
4215
6097
2939
2350
9540
1169
4476
5230
486
8576
2715
8052
6188
8549
1821
4904
3031
6823
7673
1065
1836
9141
524
9979
1348
3068
6632
3261
4897
5945
4790
6615
5032
723
8497
2126
2448
9226
8341
3294
8265
7162
3175
8394
1853
7556
5672
1423
926
2959
4041
9062
7247
7285
2252
8533
951
7919
4909
4782
9416
8698
8970
7610
4070
6709
167
5449
516
4039
9112
3776
5273
3608
1409
5667
9412
7210
6544
4859
6759
317
4433
3977
4920
3250
2228
3829
5572
2130
4411
895
2830
2928
3819
6734
7006
947
219
8191
6661
1406
9144
8003
9806
7014
8369
5235
4808
6798
8182
6169
5370
9374
7988
4213
9586
5798
8274
2941
2369
6668
4026
7961
9045
4543
9424
381
2404
9049
1088
861
1550
7194
4162
1832
2154
9642
437
2653
1004
6248
8973
1610
563
3066
4858
8557
7
3078
8216
290
2543
5084
6745
118
7526
4618
7345
7078
1413
5262
313
4902
8144
3419
1913
2055
605
1523
456
9660
6738
7261
4973
7267
8788
271
3949
9574
5366
6366
3202
3394
6960
2632
7411
3556
1454
5264
8483
8438
8851
1988
7900
6412
6635
7456
433
6909
3342
6750
6159
2203
4935
28
9967
2346
5891
6872
5165
6295
4076
7579
6489
3579
7679
5746
6622
7461
6112
855
2842
3834
1416
434
355
3027
4068
1337
8045
5821
432
6715
7155
1064
9124
1226
8809
4960
8518
8221
2092
3185
284
484
1080
7381
2267
6697
5321
9505
6156
8840
5605
1282
7460
6281
5376
2232
3788
6889
9212
676
2630
4287
1442
8036
7910
6001
1288
6935
273
4758
5346
7307
7666
6091
5941
8714
5343
2163
3389
9811
7125
6486
4582
5435
6198
2812
5250
4486
9767
1537
7603
6865
1306
4829
1120
1371
5721
8282
905
4485
9726
528
8974
1427
8583
7322
1664
2276
2958
9846
4188
4371
9899
6996
7805
1632
517
1321
170
1609
6261
5537
3183
1383
8102
5522
8934
4697
1834
1980
2118
4945
1499
9388
1248
1002
7585
6384
9238
9667
1379
110
1254
7517
7373
9348
9162
7553
8368
5651
3808
8858
1949
9960
8871
4388
6081
1100
7118
8620
6331
581
6327
2254
1349
924
6055
5784
1304
7474
7906
1171
1994
4857
1907
1911
4712
1815
8122
8354
6471
4731
8395
7957
617
3216
4225
6433
4464
4871
8780
3752
650
2769
3316
1962
2567
2475
3939
8155
7934
3129
1939
2645
7946
6247
2491
8317
804
5887
1767
7776
509
7287
5912
7031
3901
9867
2628
6900
5850
8710
8002
7954
4663
7790
5000
1518
156
3650
2895
457
3121
9594
6029
6535
4625
4989
6688
2852
8540
1501
3083
6620
6293
2240
9138
3999
9748
779
7658
5446
4915
1332
1280
692
2763
5482
3918
1295
1710
5361
9880
3069
3803
3128
8436
1429
9130
3050
6997
6965
4657
1303
8524
3779
7406
7792
8588
6381
4087
9207
9524
5423
1635
13
3537
9984
203
2557
7691
6019
6017
9001
7669
9897
9455
7740
1653
9090
1756
4403
5409
3063
9047
8172
2856
7637
5634
8864
8159
8771
1246
6942
2459
8476
4768
360
3886
3994
1174
6732
1302
5864
7270
5868
6634
593
1163
5754
3844
3969
7539
1571
3795
4424
976
9042
5459
3615
6047
240
7192
6100
6721
9334
2657
9652
573
2775
139
9871
9
5470
1630
5110
872
2851
2546
6746
2796
9756
4728
957
4686
3881
4905
449
3357
9609
5443
3674
3265
3013
8548
2361
1922
4345
3767
5363
3217
164
4651
8177
1344
9068
1606
2178
4240
8746
9027
3291
5135
2217
1437
7596
2458
7176
9430
4228
9024
4643
292
3303
1141
6321
5655
9236
6691
6349
4105
7015
2550
663
7245
9717
2990
4092
5740
788
3267
2455
2460
5631
6805
1512
5976
9729
3269
9876
3463
9937
3705
5998
8824
4064
8332
8578
7126
1971
5526
3623
2637
6133
9908
5555
1963
444
331
1955
7789
368
5411
4183
3041
6157
1872
8344
5764
4061
4469
8322
7135
2699
9262
4714
5677
3152
5707
8631
1736
2825
2220
3696
3536
1022
923
7410
1931
5780
6581
518
8951
8600
807
526
3131
1985
1440
9934
5368
3481
264
6219
9578
7699
920
1124
620
6919
3528
722
8433
7507
119
6282
2639
783
4959
2391
6122
7056
3284
6125
8807
1954
9672
6090
3150
7353
9476
3155
8856
3853
1926
183
2464
3679
2605
7972
7917
2495
1139
5682
2573
1613
9437
9019
8142
2759
4329
8992
7111
3879
8674
1485
7618
2038
9649
3241
5802
9005
1507
7480
298
4442
2315
2765
6834
8178
6432
8923
6309
6938
6536
2664
6788
1690
7258
7347
9231
9051
3308
7249
2065
6016
8119
3295
4120
2480
1013
6491
3873
4804
8789
9624
2973
1138
2421
105
6714
541
7513
8067
7604
3113
9865
6026
6187
7469
215
4426
7003
9807
9464
9467
4435
9034
9498
2169
4553
7574
9914
7783
423
1876
2151
4109
7685
530
9565
9882
842
267
5120
3044
6589
2020
3933
7207
5247
9644
8030
6460
671
1085
3940
577
8857
4497
2193
5197
1400
3923
54
280
335
7450
8218
1108
3757
1051
7286
4899
9425
7167
1622
6666
4088
3889
4753
9386
3452
4018
6470
8331
5125
6449
8168
6468
6905
5613
1193
6670
5710
6893
5112
7016
8233
8156
6487
6515
6085
5928
6902
4021
2302
4629
2885
6443
1577
512
77
1683
5209
8260
3938
4047
6559
419
5007
4934
8090
43
2561
6326
7799
2204
6427
7323
3112
5521
6981
1101
1052
239
8669
674
217
7043
9318
3425
5729
6228
4396
3678
7797
3903
6809
2270
1251
4177
6742
8763
2360
1408
4308
2376
6842
8909
328
8762
8726
8330
6650
7242
3758
6360
965
2968
6881
4799
8595
6507
7846
3912
4370
6864
5311
820
9461
8558
1534
8950
786
8190
4673
7987
8460
5612
5182
9436
4126
7076
9460
210
9737
3547
595
1716
4584
7623
8668
3179
1391
5910
2018
2609
5942
2200
3531
7704
1592
5937
6952
4620
2872
4592
6313
5419
9234
2532
2604
3361
6951
8633
5448
5994
8611
2562
4127
4235
9608
7037
3897
2921
2869
1705
2571
5524
9495
5713
8066
4539
9622
4703
2650
6962
347
2923
2892
2442
3660
1601
8985
7979
6657
7675
4336
3040
9833
8212
6216
6022
7624
5591
2668
3842
3412
2024
5982
4375
7520
4580
5374
588
2998
7137
7628
2257
9306
2582
2389
2398
6495
9915
3589
8188
7038
1357
5782
5583
3504
3628
4965
1521
3871
7947
928
9337
1786
5055
4661
7344
2402
6185
3341
6134
7928
6109
7304
6810
5221
9000
1038
8741
7611
7229
56
6179
4730
9183
3602
171
8829
5170
2712
7870
8222
7252
7060
5052
8853
3280
2120
3299
4099
3393
3800
4399
4027
539
4958
8587
6880
160
6165
4820
5433
4086
1286
7435
3774
7581
5919
1230
4586
7317
4998
1325
1671
3544
2051
9556
2336
6873
3945
3667
9921
5002
5720
6280
2876
8882
9166
2662
4591
7918
4174
5357
2887
7313
1787
9616
5563
5440
2283
7534
7255
7026
4964
4307
6577
6453
96
989
1218
1603
8112
3835
6089
6748
9201
8498
9284
7716
1556
6500
4000
2371
5819
142
7022
6813
4443
747
7091
5096
6347
9165
9607
9808
365
4171
3034
3850
5380
209
2685
3029
1758
2403
6956
9655
8455
8488
2642
1026
8358
8406
9081
7662
9104
3023
9810
5144
3258
2792
8979
7005
3586
4155
2119
1511
3437
841
5809
5299
9356
945
9577
3238
8954
1137
862
5616
9949
2030
9902
6566
202
4142
4431
7584
4707
3168
9528
1339
548
9076
8294
6033
224
4467
9149
6067
1238
3811
3565
2416
5920
7985
9602
2864
6287
4365
6301
2540
7216
4440
5930
613
4321
1925
1529
5999
9959
3327
4910
7532
412
6239
9665
8170
4224
9763
1979
181
4648
7983
1362
9909
338
6224
522
309
941
5694
4523
9681
9482
931
5012
3468
8153
7566
1750
149
10000
234
5150
1468
7726
7315
1593
9825
6220
5909
2553
2097
1777
1744
3861
5166
2297
2295
135
7228
9931
7990
2584
6178
9801
7020
4490
6562
8678
3134
8259
7527
1841
418
8380
9514
3170
5733
5660
7425
9468
2510
7869
2397
2437
4868
9204
2180
4216
1510
3718
3290
7364
3813
8794
7925
1867
7781
9182
2194
1009
4666
129
5679
8276
7475
2075
1045
894
4063
3221
5836
4187
175
4685
1183
9850
1681
5766
111
9784
2071
2211
9978
506
3326
9817
9010
5026
1156
5318
6682
2216
1229
1345
6946
9369
6498
1702
3514
3
4192
332
4524
9210
6627
8286
596
3592
7102
3753
4275
758
9450
4866
2938
2469
9054
4158
2891
2088
805
2340
4124
4454
2364
1493
6264
4285
7487
6438
4106
7749
9323
7572
4617
6374
9869
3233
1390
7206
1990
9785
1728
411
4407
1531
4562
1373
743
4954
9521
7260
9429
3232
5115
9319
3253
6698
1847
3227
59
45
6730
1940
4342
8629
7342
6474
3488
9536
1828
8666
4401
8963
1709
7339
8656
6967
300
7995
8905
8683
1121
5060
4477
6723
7750
1206
3149
2520
699
4957
4511
1144
7413
9092
6776
49
1172
1755
6988
1960
6235
6990
4787
2318
556
8160
6845
5008
1617
5515
6155
4622
1570
1425
4179
4056
9835
1942
3140
9826
8243
7151
8421
1414
2515
6652
7246
1283
5949
1965
2037
1312
7632
5557
1591
8467
4104
9265
40
168
4796
2444
7312
3728
162
4181
2950
8786
4277
3320
2947
8469
4241
8757
247
2817
5331
1071
6074
4168
9066
8121
8291
4414
6285
4856
8634
7732
631
2577
8435
7876
2651
6827
1953
9950
4516
6964
5017
8810
2636
2905
4221
3289
7191
1078
7240
9631
1407
4134
6315
1633
3723
5851
1584
3851
7705
6784
288
5442
6957
3722
3133
8803
1353
3270
1220
1612
9463
226
8289
4494
487
1502
4514
3874
4456
8187
1743
7033
7937
9673
1615
9405
7327
6466
6899
6660
4302
9208
4211
7321
5308
5697
8229
4874
668
6201
6037
4448
2081
6975
6735
2762
2631
1259
749
6369
7537
9343
1827
5525
5489
7007
3165
6340
5816
6977
2463
2722
3750
7065
1648
8001
6351
3062
6008
6910
5847
9472
5040
4968
491
7349
7012
5130
7875
7472
6044
860
6831
9150
9764
9794
452
4537
7170
4805
8994
8475
9693
3030
6703
6983
3992
3892
1637
2541
9668
3184
3453
5200
1148
2309
3024
730
1476
8530
7984
9583
1331
5900
9209
4699
7874
3434
1769
7633
1455
7600
3875
4267
4684
1403
2511
3305
2727
7905
4802
5599
25
1904
1948
4054
3108
1807
2064
953
6425
5434
3365
652
1579
7640
4038
4139
241
7711
7087
5142
1526
991
6278
2874
6105
1551
7081
9272
9604
3588
5952
4603
6153
790
4178
6338
5715
9439
390
7949
4119
7202
6989
3336
4976
6699
9453
1252
3765
8135
8092
4698
4141
695
3798
4128
3849
2862
932
4377
7913
9014
3801
6800
3482
5918
8826
2308
1405
3932
2772
2022
9158
11
628
7595
1983
8150
1519
2145
6209
2615
9596
5169
2196
4609
623
1428
8415
8589
1544
1799
9783
7013
6906
9918
3239
5739
9330
4924
124
7842
4831
3761
553
422
7575
3691
448
8507
1801
9838
6447
8962
5067
8373
2729
5210
4053
9382
8577
3684
2918
978
3508
8339
2167
1650
1268
7481
5552
6712
7621
1209
8299
7402
4165
8591
9041
1918
4863
3003
871
5061
3054
1869
3071
7348
4480
9136
5364
5167
8900
6887
9399
7301
9525
3215
4977
8481
8492
7112
8208
1721
7188
5681
5827
8179
8892
6054
9293
5610
2481
9441
6457
8597
2996
7641
4332
3109
4010
3911
8695
4780
7223
4612
8442
1027
258
1333
2181
4602
7300
5630
71
283
3315
6851
2766
7297
1567
6591
7032
9549
7570
5823
4415
3766
8305
5559
7334
781
341
7251
2927
8194
3330
1213
7860
6672
7926
2991
9483
1771
6401
3688
6191
1505
688
6259
8372
2548
1242
3348
9096
3956
5533
5472
2656
8132
314
2728
9225
380
5863
8823
1585
6335
6245
6371
5543
2633
2344
1146
3192
8984
1783
9573
1574
9025
9347
254
9426
7046
889
3017
7864
3418
6978
3545
7707
8946
600
4644
6467
9969
6780
1255
9786
159
1830
488
2658
9266
6947
436
1477
6936
6972
5080
7424
358
1619
4328
4437
5245
6372
2005
3378
1513
5454
3943
1857
2828
1040
1831
2007
4729
7665
8464
9904
3087
7583
8568
6862
4294
4821
8309
2281
6358
4870
8377
7382
9315
3057
3127
2325
321
8428
9695
5699
998
7879
5741
555
9845
6846
231
9733
5274
2534
8269
9903
552
2977
5317
3609
6836
7787
1747
2496
30
4564
2593
9324
5139
7189
466
6324
3821
5505
2035
8416
8538
648
4049
2786
8832
7442
3252
8104
9370
2647
5571
4020
602
1733
4573
7279
2349
8785
9137
1746
8952
634
3540
9431
5116
349
6959
2300
5584
4095
2912
3043
6931
3061
1564
1003
9113
2425
7035
9983
8729
3876
5540
5183
6059
3493
7048
3190
1789
5256
4736
4878
9831
725
1329
3845
7432
917
753
3523
1970
2806
3374
5445
7862
3611
886
7782
4975
9218
6878
5674
4341
6174
8482
7730
7753
7646
5208
1835
3559
6954
8370
3406
7884
3477
7667
4641
6299
2393
6767
4236
9766
9243
5313
8991
4844
7233
9981
2743
3085
4085
9477
5372
5608
1211
5338
6442
3178
6166
6908
5795
8456
2955
8235
2643
1469
9227
7466
1704
173
8393
587
4735
1326
389
8505
6086
7821
9898
1054
7543
9205
1377
9173
3698
4337
9275
87
9703
6550
4570
5657
1457
8494
8328
4928
6727
9886
535
2330
9448
5276
3401
4547
7989
3991
3428
4940
9332
9627
5268
8118
7501
5064
7887
9538
6549
252
8861
8539
5897
279
5709
1336
1967
8804
7943
6396
9718
3116
2576
5381
8906
7530
3676
6822
6040
1860
6483
5468
3212
5589
1712
2676
8250
2243
8085
3375
9868
7914
8073
2602
9977
4571
5761
4242
4073
3862
2245
1976
4860
9392
8113
1916
5494
1483
3562
8016
9410
1715
1247
6584
5837
3726
6708
8663
2114
5874
1184
2751
9913
8441
3148
8263
7508
5805
2547
7571
8768
8691
1735
7110
7765
1950
6820
1292
3272
8751
293
3590
9582
9687
9389
3914
9132
8772
7391
6974
821
5779
3495
7445
3893
4368
8333
275
6430
5815
3655
3624
7288
2881
7010
7324
6854
3604
4830
2527
4094
4111
5475
8209
9309
7933
3832
9097
2797
5275
4789
1458
3325
4268
568
8346
4743
5240
2231
6606
5493
7075
2150
3736
5987
9818
1342
9911
969
400
4279
983
5530
592
2034
7529
3553
2857
8664
3909
6675
8127
7694
7237
8258
5216
3841
1496
4723
438
8105
1541
6538
9684
305
7559
6814
144
4930
6534
3317
3431
5430
78
5248
6361
2207
2847
6317
5466
6765
8200
8439
6744
1644
3749
7444
9772
1311
2551
4249
5940
846
4693
7964
6357
2320
3868
6336
172
523
6354
2970
4400
6614
7149
4252
9701
193
2198
5013
732
6180
8880
7717
7857
933
9759
7819
7755
6136
3089
8713
8547
5789
5085
4203
8627
2913
798
3571
1761
3964
4636
8777
1117
5931
4532
538
1882
8932
3985
9305
9664
9760
6970
8303
5566
3359
3817
5907
4755
9720
7939
5832
2406
3343
220
16
2476
6674
8451
3551
5791
2413
7181
3353
7825
4276
8425
813
7593
5072
7057
542
383
9879
2700
9255
3521
9824
4520
4208
2855
9587
1975
7521
106
5109
5330
3193
7343
5675
6722
4197
8512
8486
5492
1905
306
5220
3915
949
2907
7629
5755
2356
6140
5622
7651
1010
211
780
850
7586
3607
8581
5831
8140
5124
1181
7723
5917
386
2239
3026
2501
3107
4107
8061
364
2717
2186
734
7047
4885
6377
8424
6579
6288
6588
9442
751
1198
421
2072
3929
9905
8755
8054
6911
1260
2488
9074
1848
9385
5509
6508
7388
4646
7845
2899
3139
5714
4556
1438
4650
975
746
9894
1450
1284
4089
8356
1688
6879
7280
2804
3432
3899
3421
8941
3522
2739
4986
632
8220
9679
9438
7638
1099
9641
7226
7272
1376
9470
7813
9298
3271
5723
7292
326
4604
9856
513
1871
8357
8069
8162
7921
3138
1090
2363
5424
9462
9418
4600
5745
7728
222
7041
6963
1189
3922
519
9518
2670
543
8972
1886
8604
710
8487
7867
6394
9053
9157
6529
2537
2324
4969
5680
8748
7678
2316
7590
4509
3460
2269
9634
7809
6464
6517
1943
3203
1959
3719
925
7225
9140
6749
7370
2313
9830
2427
1310
3792
7470
3533
7220
200
7882
1077
6523
7971
1626
633
8353
5172
6119
5106
8662
6673
7214
8953
4798
3768
1347
8154
3563
2074
122
657
8452
3371
4019
3420
9653
4136
8717
9241
647
5574
3354
3898
5229
8940
2718
1322
8319
10
9127
3603
8685
3959
6103
5859
9109
4919
1958
7062
3530
2560
6009
1825
9946
4912
3794
3706
2984
2903
5202
3826
996
1941
2629
6252
8790
2484
1456
5636
7952
8574
4518
4608
5214
5637
4446
8437
5348
8323
8665
3402
9175
4473
6485
5198
9147
6973
7754
5129
9922
1287
9853
1878
6803
7421
1237
5826
6940
7835
5830
8371
7608
3135
1107
5178
962
4880
153
7861
1718
327
7743
9105
3855
7127
3476
7551
2640
1749
3824
8956
8107
3405
5974
3847
6647
2171
5395
7824
6586
8376
3123
2292
1594
7764
9686
6553
4578
1024
5369
1136
6509
590
7941
1607
2673
2490
9251
7626
5576
4653
6602
8537
5122
1631
7647
3408
8342
5066
3820
3725
9561
5632
6860
7378
9254
7308
8914
9067
4290
8890
4763
795
5420
816
9098
4917
7998
8338
5749
4854
3600
9747
6700
1296
4354
3863
7502
2696
6531
4913
3397
5033
9771
3036
9924
81
9753
1235
5892
1123
8623
6213
6225
8894
3198
398
1781
9724
5701
2834
606
2101
9901
2611
2233
8719
544
4766
9196
4110
1249
713
9176
8213
7721
5254
7746
6250
1410
9055
1
3278
9213
1006
9569
7945
4247
5967
2040
5532
4560
4125
4046
9620
3558
6170
7104
6720
5081
8106
1525
384
454
545
6114
3196
8471
2545
1250
4815
2572
9790
4135
729
6311
155
2638
5669
4058
6859
817
2570
2014
1670
4323
1784
551
630
9394
4771
1177
6663
9517
8570
8907
8886
1199
9989
291
6621
4540
3142
5195
1701
9530
7354
2090
5269
3924
9177
5036
1073
5253
7791
9007
7393
6922
619
8618
4303
1320
1018
5279
540
5059
8301
8088
4078
2303
3010
6200
3804
3292
1757
7557
1395
3055
1813
8345
2597
7528
6914
6681
9122
1204
6533
9809
5496
5035
7631
8939
7592
7848
2394
6662
8808
4232
6506
5239
37
9046
3582
3778
709
8388
4835
2242
3020
6003
7263
4558
8996
3891
1452
7541
7175
893
3367
4488
8988
8561
7090
9154
4722
8867
7049
4681
3236
2595
302
9993
6469
4297
6717
9174
9115
2972
1812
7550
4292
1060
836
8011
2994
4118
414
4412
6270
9621
6096
4220
9735
5192
7029
599
6747
2684
9736
9677
3524
874
4615
9357
1893
356
8347
4795
8093
9036
1555
2840
1532
834
5703
5073
7036
1661
4416
4678
9526
216
7630
3895
2934
4033
5775
480
9089
2791
8120
9734
259
4503
2358
815
2719
7752
5544
7403
5812
5880
7851
1659
2882
8696
8013
6555
6269
1554
664
6607
35
7639
8827
5706
2021
3338
799
8247
1241
7215
5068
404
3704
1879
6208
6557
6024
8957
6057
2387
6756
4259
6329
9716
6613
378
5602
3388
4891
4313
4266
4310
8197
1039
1497
4634
3249
4689
2146
5979
3926
3399
7159
8878
2596
2635
6273
1170
281
453
334
2224
3714
2329
8404
8032
597
5958
6222
9791
9932
7034
187
3451
4946
6110
1070
7664
9380
3415
1586
6545
9110
922
4391
9153
9892
7929
562
5769
5141
8017
1165
9996
3814
5898
3051
447
2610
8820
123
9930
7236
1516
5391
6370
6439
1638
9018
9708
1208
2768
5986
4280
8035
2705
4597
7009
9185
7839
5617
1087
5503
752
4132
9848
6367
3171
4972
7430
4750
6824
4051
979
870
7654
2462
2966
9819
1105
4552
5479
2755
3532
5452
2238
7948
2258
1221
5310
2754
1739
566
6716
6898
7727
4074
1672
6904
7274
3180
3410
5290
1192
9354
4196
7682
345
289
5915
3848
9223
3032
8249
4823
5161
6604
5226
3210
5911
4900
5312
8248
9119
5611
3966
4146
6279
8283
9480
7676
9985
7183
5527
686
7375
2748
3395
4331
445
6333
824
3329
3743
5304
9379
2997
994
3920
9440
6825
8095
7193
2322
6694
9387
8374
9371
1778
1952
7171
8400
67
3756
9715
2983
4682
9125
7956
212
1914
9678
5074
4590
2889
2365
2745
5925
4724
2564
431
5639
6520
3172
7276
4635
4004
7816
1392
6528
6753
7892
9180
6664
7331
8290
4326
1219
6036
6912
2294
9847
2614
3783
9676
3823
1290
8837
1243
464
5781
1436
2284
6415
3427
1852
2142
256
9971
9022
7448
4740
5758
6610
7808
8014
5467
9326
9447
3622
8273
8681
5981
8225
4362
5869
2087
2499
6251
4492
7772
8613
948
5747
48
6087
9161
6917
3201
1318
9510
9875
6246
6530
5549
5227
4504
8515
4387
665
4475
8513
2347
7383
6702
8321
3762
4071
6537
47
6455
7668
9406
7555
8422
3535
4272
7560
8747
9738
3319
3181
6819
7093
4373
8602
7653
5903
9863
8931
9219
1261
2588
5978
4102
6292
2790
2544
5993
4991
2013
9576
4137
9368
2182
3577
3369
1370
6808
8446
1313
8990
2190
4428
5794
2465
2135
8217
8143
501
8204
333
4419
5375
3978
2331
7577
1240
6128
468
9563
7001
7089
408
1328
8819
1894
1185
4130
6795
1873
1491
2102
5171
1595
88
5668
2084
8555
2042
2307
5644
9345
2133
2117
6920
4581
1154
3561
2787
7335
3997
1398
653
7815
8048
4662
6941
4381
8315
8031
5704
8800
9840
8607
1426
4159
6060
9613
5455
2033
4335
3952
1804
5136
4257
4410
3998
2701
890
8584
9312
6232
3377
1956
6654
2049
8151
5194
8449
4995
1909
3984
851
8502
3483
7182
107
7083
4864
5926
4955
9682
426
5347
3287
8842
8109
2535
6572
4565
7597
2222
8572
2287
4153
9704
8325
8293
9217
196
5438
8211
5705
5904
169
4725
2785
4507
4652
8099
4756
4842
5152
6982
4999
8742
1067
8603
5799
7158
406
8971
9237
251
9432
1891
5046
8254
887
2808
7877
6306
5857
6949
9376
4262
8883
5924
3583
2121
818
3988
1334
7742
8391
9694
9675
5628
8718
9061
8517
9535
624
792
827
8115
8138
3218
9537
442
3039
5954
4347
3059
8692
6436
6237
3094
5712
9038
84
4005
5225
2803
4784
66
1023
195
1317
6741
3509
6341
3967
9044
7980
2749
2432
5265
3125
9519
5916
3204
21
1642
5340
1989
8097
1025
5726
9320
2188
2799
1663
8412
4606
7649
9148
3812
467
7493
7709
2951
9072
3980
1191
8009
9277
7829
3042
4927
9287
5730
2692
9365
463
7975
6796
5212
9327
7185
9558
3712
7309
1717
7578
266
1732
7751
1623
5490
8919
754
7953
2166
2726
2618
1412
8050
4621
6850
2922
6665
4563
9900
2818
1258
2805
8086
9352
3355
6274
2213
6046
495
1713
1112
7298
1180
3825
5970
4466
4395
9188
2439
5246
1708
8642
1666
9091
8986
698
678
8541
7833
2073
9617
8176
7457
3727
9194
9335
262
5204
1265
2917
1032
5725
5598
3008
2760
5386
1465
1245
1031
230
3659
9267
8183
165
7398
7698
7598
3409
3626
2008
9997
2711
5307
4719
4483
7634
2620
8641
9434
6244
8046
2438
7565
5266
7542
7350
6838
687
2776
3960
4908
5499
4883
1792
278
2449
7878
1467
2824
4777
7504
5728
3228
2945
2177
2184
3115
485
8735
1308
6173
6312
4833
8367
2039
9557
6108
1267
5231
9721
8450
4807
8830
8828
8728
5300
4818
6807
7180
2440
8242
2058
5783
102
2644
724
3907
3035
7359
2549
8362
4851
2756
2450
9601
2810
7025
7086
7028
357
8680
6171
7644
2773
9095
7748
8917
4950
310
8700
6101
4892
636
5447
7818
2304
8702
1079
4772
399
3784
507
7400
5042
32
1479
706
503
9082
5237
6781
2929
5580
7938
7262
8198
823
2581
8320
9156
3156
6195
1462
9299
748
4645
8675
6135
6832
6043
2357
3332
2525
1164
6918
2575
950
4366
6791
4577
8390
3968
125
2091
9427
6399
8079
7064
5414
735
74
8223
8335
2753
5097
3021
1118
6655
3961
4097
9751
7615
1580
1058
5691
4596
3494
7417
4926
5451
3976
253
3942
5048
1668
5045
7397
4887
3312
4291
9555
3833
5140
5969
7766
7408
4530
604
8969
5354
8737
1999
8514
5022
5181
5742
346
4471
9232
5796
557
2767
95
888
1919
8599
1698
9506
6567
9478
2886
7362
3414
270
3505
3225
6645
2255
3663
5594
7909
4765
3416
2015
6437
8174
6830
7997
3618
7761
6578
7396
9229
930
7152
7714
6160
6719
9674
9714
5021
7847
6521
1677
6724
62
8866
9654
7154
6419
9230
3174
6594
7371
3839
257
4427
269
6302
3363
5019
9685
4343
5604
2820
904
1355
7911
4655
8307
2221
8005
4732
1044
4616
7330
3433
764
1205
7622
5353
9186
6505
6763
6012
6032
2489
7209
9107
2832
4340
2742
9615
9349
8981
3760
1649
79
7951
121
185
5285
3340
7722
9191
1549
1726
1966
7011
161
236
6514
6319
137
7724
2713
18
8645
7024
6762
2043
6678
4226
2132
4510
353
2377
7269
2123
6107
8652
6034
8022
796
152
4715
6061
205
9534
7810
5437
2988
395
5173
44
3188
9239
3222
9688
3693
6684
5378
2744
898
6969
4744
7620
6075
6532
5995
3457
6307
6971
4461
1323
3422
9862
5759
1131
7211
9198
8888
536
9739
2665
9988
3677
2659
9338
9407
5905
3882
7898
7770
492
938
1538
5456
7733
8202
5606
8754
6704
4687
2822
8192
3793
2362
7212
446
5719
3869
6928
8271
1446
5535
4840
916
8672
939
5573
9575
1933
6116
7497
7802
4452
3100
3806
7803
7134
7105
3957
1228
2328
2815
2663
5146
9820
6141
9727
902
707
8922
6837
9928
82
4674
459
2429
9548
2764
5284
7477
9021
9366
2992
1658
745
1608
2613
4598
8708
9454
4093
704
3033
9446
7101
2689
9559
3090
4574
1530
115
8927
1487
2807
5241
6162
4873
3564
2359
6939
2690
4202
9745
9710
7642
4344
7838
8948
7625
4333
1558
3995
4199
5460
6966
9120
2041
2888
1068
1301
826
1480
4478
8910
8779
9992
2139
3796
2981
147
769
4114
2826
9883
7759
9193
771
2268
2492
1528
366
7422
6848
388
8062
6045
4265
8300
4355
640
9849
1917
1432
1035
5545
2987
9065
4212
5075
5579
8203
4314
9221
9384
9302
6923
8413
3438
8364
9796
1451
6710
3209
6117
9795
9151
3525
881
249
9723
3963
5047
7068
9444
9579
2227
218
5546
2482
1470
4793
6020
8427
6785
583
2003
1957
8466
907
6929
7161
8673
750
5359
351
3799
4947
9543
1176
9474
9026
9409
83
5185
6283
1734
4792
3711
6638
3587
6527
3519
2061
5893
1598
2158
6181
9629
243
4638
579
3775
803
7888
6713
6262
9273
1945
4151
55
5641
8925
1634
9957
1274
8444
7935
8509
4962
5382
9294
2148
697
2025
5234
7734
4101
2853
2578
4012
9325
6368
7305
9322
4667
2047
3273
8152
1122
8619
5389
60
656
114
8167
4481
4145
7217
3646
5564
5345
1160
6328
4117
765
8552
4502
3186
3652
6892
637
3166
1972
4876
5984
8480
6492
178
184
1796
7701
8080
9484
7739
7177
7360
5401
2843
1992
8784
9059
6400
2076
1625
679
23
7645
8004
8833
6424
1096
5379
9803
3927
1862
4397
5294
2113
1660
5776
7289
416
6084
5888
9200
8916
9625
2159
7617
1874
5224
2050
598
9890
6856
5091
5038
5855
7855
6456
4230
1754
34
5397
1384
6064
4040
9003
1135
1097
9787
1015
3456
5186
363
658
5417
9414
6431
6817
2246
4734
3548
5843
4816
1319
1155
2379
1817
4264
7994
2384
1629
5406
8730
204
7160
6233
1802
8640
3364
559
5702
1382
8224
4393
4825
3596
1973
9341
4201
182
394
4421
5894
238
5578
4001
5666
8654
6631
2189
6934
6799
8108
9754
504
2823
2366
8308
5957
2422
867
8240
1046
8575
936
2045
8545
4813
8516
6404
7389
1415
8485
5280
4379
8528
8527
2933
9280
5367
5734
4384
5103
2411
6053
6729
3235
4668
2648
4465
8458
8752
8047
8621
1978
1341
2352
3710
9336
2428
8070
4594
500
5738
6445
4889
7179
361
3103
5399
511
1036
7612
9955
574
1285
6787
1504
5190
7221
194
3197
4994
3664
1684
246
5039
3242
9499
458
3102
1932
2909
8474
3683
9643
3244
9834
1921
3859
7736
5592
5838
5586
9048
8295
7670
9281
6794
3716
7231
9610
1145
8396
4557
6066
689
3616
9732
93
6152
6355
7002
3281
2761
6598
760
6077
708
1968
3996
1366
1089
4677
3701
4129
9135
3807
550
4352
7239
4847
9598
944
773
9390
496
8811
4009
7903
4305
3383
8732
19
248
8544
835
5696
6844
5550
1115
57
214
2707
502
6693
6161
8679
5062
5316
5014
5787
1351
822
9852
7762
3502
5593
3591
2884
1927
2866
6582
4300
1678
4987
4376
3858
8904
667
6472
9214
3954
8616
2335
8594
4695
4122
7107
4295
1126
4098
1895
9713
5853
6289
1800
4386
8401
9257
4184
5716
3430
3836
8805
6707
8110
2321
6308
1737
7092
6149
4022
7844
2566
7849
2483
2296
6004
1729
8447
5849
7798
4121
9501
4906
4028
2752
4417
3550
921
2082
5126
1466
9093
4953
3673
2538
8913
7547
8995
6890
1102
9749
5257
5206
145
1765
6524
2915
5518
8262
2890
7702
2485
4774
5877
7958
4209
201
4084
4721
6050
9395
1902
2624
9547
2343
4522
8813
1849
4441
7538
377
8862
190
9242
6031
3975
1816
9697
7536
8021
2395
8529
9554
3162
1987
2627
4356
3441
9199
2956
8134
3651
3827
9812
1453
8180
6049
6992
3145
3656
2259
4588
2247
5768
9116
9560
4067
3941
8351
2793
4317
8484
3666
980
6088
4380
5899
775
3670
7282
4521
7506
9339
618
1912
391
8237
482
9765
1986
4330
6172
2314
3124
1790
5693
901
2865
740
4059
4692
9134
8688
1842
5174
6189
6948
8324
6253
4050
8205
7066
1929
3594
986
2883
2029
6190
1654
7511
85
5121
5597
8139
8989
4170
9964
244
3002
8534
7533
3638
8128
4988
89
9244
7519
1604
7476
701
4180
7201
8653
7942
1565
4811
4131
5743
4867
9459
3473
9888
5291
2710
3360
1818
1691
3549
1877
157
1420
3747
4108
864
5607
7866
5965
4901
909
2800
3362
8312
2175
237
7409
857
8352
401
547
4785
7923
6792
2214
1103
8929
5542
8872
9581
5176
7178
3458
9742
7695
9268
9253
899
103
5790
3413
1543
4278
2470
2405
4718
6868
4956
8184
8378
7552
9289
844
776
7567
3092
763
7390
9181
9012
3648
8126
91
7613
2354
3697
642
8821
7588
2290
7969
5817
833
1506
99
5004
6779
9965
3350
8873
8386
2849
1094
8881
4182
3597
2943
3373
8124
9843
2652
7796
6398
4254
1358
1217
9564
2418
1098
5205
6494
9233
417
3950
6855
2299
6583
242
2723
8462
3126
6897
5642
6197
1599
2948
3720
7568
5373
2601
8195
717
5189
2935
9152
5179
5457
6218
7254
8089
9570
7356
9780
9015
5309
6092
8039
2474
9039
5005
3189
2982
8767
2149
5324
4846
1838
4593
1566
3856
7817
208
9445
8158
8860
5407
4147
8244
2333
7447
7471
7804
6590
9552
3298
1667
4628
8429
1930
2901
2781
8955
6121
6363
1182
1546
7253
3072
3323
7257
1557
9542
9788
4749
702
7889
2341
801
9551
5980
2017
5453
9245
5516
7671
641
3211
6378
8506
9926
4702
3867
9362
7657
1748
5565
6501
7462
4261
865
6138
5271
427
7063
7594
4670
9648
7841
6014
1935
6111
1596
7915
9317
4324
4828
6405
8383
4402
670
3187
4911
1928
9314
3917
4017
580
7853
3772
2291
5717
2871
7512
276
9033
7079
3742
3634
954
9417
7858
5718
6304
8181
1910
2908
5840
4052
659
9103
4803
8938
2083
1225
6658
9859
69
229
498
4890
1356
415
9994
8074
2858
6018
7427
7431
4438
9912
9285
6048
4498
1196
9224
4014
868
490
5700
3313
3276
878
9050
2312
8731
5614
297
4688
6202
8701
8008
53
3153
8933
6648
2971
5387
4244
7820
8635
8245
505
8231
5481
3464
6212
2962
7729
6214
5665
441
6395
6556
2590
9211
2964
5196
7485
260
7436
5089
1300
3605
7619
4495
5504
6758
9881
2125
2898
3489
1234
1445
5058
9793
1188
828
8408
961
9692
3702
1951
2266
9274
6428
5063
8944
6885
7124
2473
5025
4589
2107
7901
3934
2187
5020
2975
8491
4654
6362
7777
6454
3782
3485
6770
6182
4339
3407
3614
5191
4826
2600
5222
126
6203
7196
7423
2586
843
2925
7230
8778
4422
1363
7138
7959
9874
5034
6849
420
6775
8147
2649
8227
9296
1753
8434
4551
7795
5473
8834
9842
2103
1327
63
1864
7219
4160
20
3904
3630
7296
7793
9397
5822
2205
4971
3391
4941
2373
1641
3645
3653
1542
7606
3680
7500
6987
7395
5744
3930
8409
3866
1271
9259
8081
9919
4893
2179
8783
9515
7200
8532
1178
8392
3496
8891
2695
1202
3498
5163
8798
9282
450
1012
3809
7700
6739
6005
2932
4284
7098
4234
4472
7187
6137
9618
4008
3467
7465
7314
5767
1210
3810
9029
772
5983
188
3018
6168
370
2057
274
3226
1161
5203
4270
2507
2053
5511
8997
4024
8659
2845
7692
7310
1263
9203
1597
6541
3573
3259
5295
5153
86
7904
2400
643
2688
9126
4309
2621
5953
8185
374
7706
5736
8836
973
5292
2144
9084
312
9263
9584
4754
7757
9861
6434
6206
9728
8896
912
2392
3517
2494
1291
2337
6585
38
7885
2028
9571
7074
9752
611
6479
6945
3543
1158
250
3636
6840
6021
8389
1194
4115
7153
8868
9260
561
7379
1190
6659
5988
6011
2503
2112
9353
8161
5249
2044
7120
1674
6863
9680
304
101
9623
443
809
8608
8266
2920
2838
651
6104
8359
7741
2094
3274
1486
9088
607
4245
3047
9313
7156
2191
1378
6147
9657
5934
4444
6592
6870
227
5263
5689
2758
1316
2801
995
6346
8020
9331
1001
5306
2733
4929
5663
2110
4806
3243
2077
3147
5635
761
2487
625
64
7973
635
9857
9885
5785
5678
3011
2457
8279
7758
2623
2870
1157
8677
3141
9295
7453
5833
3219
9342
9630
2351
5149
4023
4705
2702
7627
3686
4269
5199
7489
700
7516
1811
9725
9351
4361
531
2526
9215
5137
2124
6551
4660
2410
6284
2931
7950
2835
4752
5748
5057
4888
8655
5495
1722
7119
7186
4218
8715
7774
2612
3080
774
7693
7337
7801
6316
4658
8044
9659
9603
8774
908
942
6215
3734
5996
6410
7499
8385
6297
5076
3802
1216
8256
8239
9605
5650
2498
1508
1897
3176
2141
8082
739
8720
207
4979
5797
1386
5959
6932
2833
6626
2415
6230
7522
8169
8959
7168
1819
1289
4091
9040
1092
1380
8297
8682
3682
3318
7843
7341
3478
5732
2272
5102
5561
800
1179
3948
1888
4066
7563
8930
4166
4545
9123
2479
5804
473
2031
4948
2263
1569
5596
2794
5486
4745
3077
3661
1856
7114
1281
2873
8257
9172
5820
3610
5990
8041
9422
4316
7891
2894
3260
8453
2509
8193
6907
1587
1763
6083
8637
4701
2129
8163
3846
4700
3423
9958
6027
5811
6786
7174
294
4392
3515
9887
6062
6
7965
1766
4786
5685
5765
768
4217
5686
4190
4408
8111
7050
150
645
1273
1563
591
2850
4227
5029
5638
9355
9689
4639
2080
515
7244
2813
272
2172
1086
5841
661
3900
2893
5024
2556
4200
5735
8556
2355
8865
560
2969
189
9063
1418
3159
2829
5023
1294
9813
7106
4862
5439
6391
1270
6478
5985
5465
9509
7139
4173
8500
2069
1147
2693
1974
2859
9972
9131
2559
6510
3955
5695
4936
8703
8967
9539
6852
3754
8676
9377
1500
5476
9507
5286
5968
7319
9030
2298
9948
6249
7320
1764
405
8801
1498
3297
8796
744
4566
6828
9910
6330
5278
8838
3459
4737
1628
3411
8411
3246
7580
29
4575
4322
9769
4346
2512
614
1946
6465
58
2059
4696
2516
3479
429
4746
537
4849
7166
4378
3510
514
1299
6406
9927
2603
1536
2514
7602
1195
1034
7760
9999
3014
8419
3070
5350
802
8051
7505
2036
8586
2210
4350
2306
3334
6164
5305
9256
9513
435
1707
6359
9303
3461
9593
1947
4143
8667
6573
4348
3019
6236
565
4691
2466
7859
5384
75
9626
8431
2671
7208
6619
2471
7366
7235
9020
3025
8448
3390
2721
8759
1000
8473
8405
8479
8847
7886
3435
9531
232
2019
6193
9486
9487
9651
6984
2436
9393
6612
9698
6300
9250
5828
3067
6238
1231
5935
6035
7008
8137
5500
5123
7284
3554
6493
2339
3436
3690
2533
7788
2137
2558
7291
9016
1809
4436
6376
6402
5028
9952
9860
6871
192
5914
7960
3916
3730
6266
2716
7084
7441
1627
5814
8510
8306
8712
7614
8366
319
9774
4918
2386
7993
858
1109
5690
8445
50
1142
7061
2703
2731
2323
742
4895
8522
5883
4519
8998
5793
2201
5664
5322
8945
9009
993
379
9228
3382
5108
1143
5921
5708
9197
4568
9423
6078
8943
711
8060
9628
5333
1866
3816
1675
3009
7361
2447
5159
3877
4585
6343
3263
7763
497
9741
6409
3777
268
9670
393
2626
5590
2978
929
3511
9705
4938
3356
9671
8965
2906
2136
3099
9496
8519
3880
8511
4527
7326
4312
117
903
2589
2706
4770
3516
770
5963
8626
3769
1833
3983
2134
2946
4720
8845
3200
8694
4474
362
1091
2454
5626
1679
4549
7484
8304
5164
4100
7737
7635
5078
4258
3910
2878
4195
8029
1863
7715
3731
4683
787
2138
2173
4836
6600
727
1264
4487
5488
8875
5997
8272
3345
315
2256
3890
2660
716
5582
3878
3328
8253
1788
2368
3539
3492
5801
567
4528
6774
2467
3074
4229
4349
6866
8849
2066
1515
1964
3084
6473
9750
3469
982
4406
5577
5211
6226
9378
9465
7173
8598
6073
1140
1047
2215
4423
7968
5810
1232
8501
756
5906
2089
9638
1253
1742
6120
1050
4204
3971
3828
3240
8908
9502
4794
1858
6518
8657
3220
8559
6139
622
6452
3713
4113
8196
2708
4791
4993
9114
7294
5344
4985
1266
5143
8797
7333
1239
6068
3733
9497
4992
6773
8038
8841
2226
3237
7518
6804
8418
6389
9083
1896
7927
6921
3860
8612
8018
9987
7899
972
6690
3936
1887
8316
1517
7428
8478
6789
7273
9358
3739
4499
766
4079
3487
532
1431
680
6323
7316
8096
5355
3580
52
4164
4923
7129
1548
2311
4623
462
6547
814
199
5560
8310
8610
4649
4044
6234
7278
2079
9520
2725
1883
8658
2867
3552
5393
2370
757
6653
8756
6435
8761
3625
6441
9776
7684
6623
5444
6146
2976
5252
8560
4773
3484
7392
6416
9920
714
8141
811
8292
8327
2472
3913
1981
6275
9944
9777
2348
1982
9073
9247
1545
2388
5523
4207
7710
4637
8246
1621
9691
4434
5567
2505
3872
5328
5392
7977
6611
639
1422
1740
9456
6039
5609
9052
2434
7996
5335
8879
8601
5588
5293
4822
2002
286
4845
3759
8884
2165
7387
4837
5763
4222
7535
2174
627
7169
8023
3640
5077
4630
9433
5006
1697
5336
5100
8432
5661
5774
4154
585
546
9192
3534
8065
691
5334
5619
5277
1581
5018
6429
132
8942
9947
9449
7205
9595
9873
8525
1779
5238
2746
1434
4742
7426
4607
6291
8978
1375
3213
3606
7117
27
520
3093
5156
3884
576
7019
7404
5625
8068
2580
8815
2952
6192
8693
1723
4879
4496
2678
4626
8145
3442
5964
8053
2105
3207
2122
9494
206
8898
4233
7099
6127
6968
9844
6752
4274
329
9139
6070
5051
3732
9823
9683
4206
2667
3491
5398
8219
3440
9167
5119
977
1798
8961
1870
5649
6176
8799
4961
8025
9106
1043
9006
9770
4508
1814
15
3649
5049
5288
4288
3120
8536
7856
6679
3254
17
967
4800
4642
8697
4632
3669
4161
4273
6875
7142
1885
3662
7616
3309
8037
8381
521
8926
9222
1444
2574
263
5098
3708
8776
3619
4470
2009
2770
883
6950
2445
7451
7449
24
5520
3293
8234
8313
8928
2401
4838
9492
7418
8468
2206
8148
8554
4898
1646
9768
3462
6196
8000
5319
5975
7259
8360
3642
6689
1069
4096
9755
7940
7514
6322
7549
2026
3503
2195
736
2477
295
1439
1447
791
549
2443
5104
8264
9936
6499
4738
6290
6677
4776
2016
8057
3707
900
2937
4943
6955
6052
9696
3740
9864
9511
465
6628
1665
5145
8885
4974
3264
4812
1618
7931
9814
7328
782
5951
6229
8912
2250
455
1810
8646
385
1152
1875
1132
1614
4671
1222
4839
2157
6255
2285
2679
7767
3075
3443
5188
8543
6352
1343
6640
3262
7332
3864
738
8643
3787
4605
6542
3593
3199
9895
8241
2106
4624
9189
7828
2420
2634
2531
1583
7924
6318
3132
6504
1995
6772
4872
261
9117
1110
8903
1223
9508
7053
2168
4453
6006
8835
9690
527
8426
9372
1991
8773
4610
2697
7357
6540
4281
9451
112
3748
3466
9155
3840
7380
2542
6221
7524
6051
8787
719
8012
4082
2408
7823
5342
5065
3058
3657
9661
3568
1605
6757
5818
9612
9822
7165
1473
5180
8615
5947
7197
311
3347
2378
36
3575
6649
6733
8407
9815
1774
6595
6390
4852
866
5508
2237
6461
128
4299
1082
6618
3981
4675
3694
7039
4351
6637
9400
4541
3060
1760
8670
6079
6082
2528
9566
4016
5431
6099
9311
7438
8465
1806
3506
307
1703
9493
5929
3635
5862
1562
344
8831
4952
8649
9821
5070
9220
6256
3518
8638
9891
6925
4982
8350
4983
8015
5692
5441
9666
2940
6271
1272
9179
4353
4080
8632
6413
879
8750
2056
3695
3104
5133
3182
9489
3392
8764
684
7097
863
7902
9170
7865
6976
7589
1901
8553
4855
6217
1200
5427
8859
848
6175
5394
1540
9778
7912
1682
2897
3396
5502
1855
4611
3372
6867
4665
6462
9545
8165
6276
845
2456
5553
9804
2963
6571
1770
4633
3818
682
3300
1889
1727
3447
1620
425
720
1359
4069
1826
6933
8650
1509
797
1203
8027
9290
277
3454
6754
2265
4193
9916
7916
1397
5687
7735
9746
6526
2529
255
6257
7440
8186
3022
852
9216
9364
1692
1676
1424
5922
9396
5908
9762
3161
2757
9731
4152
2625
6095
6711
7163
3465
9954
5551
9094
1014
8033
6440
6725
6356
9938
9775
3286
1725
2953
5088
7082
9475
5362
3887
3049
616
8164
3157
475
6150
7446
737
8975
9252
73
4797
5402
7696
1616
1461
7811
601
2811
439
638
5603
7045
7199
7141
594
4327
5095
1464
1167
9490
6605
8566
778
7852
2332
225
4011
5155
7468
6642
6802
9401
1435
4711
7365
7661
3266
6151
2720
6158
2539
5408
794
7336
1399
5009
9373
3501
8816
1785
9488
4045
4007
5615
5418
1394
5554
7660
4869
3745
7172
7881
9805
1969
8361
3654
6883
133
5421
6475
5426
3379
2345
9301
7429
9413
221
5688
9841
9457
4534
2641
3439
8489
1186
4315
7690
5618
8722
6063
3091
1984
1236
1084
1553
5497
6332
3386
7143
885
6858
410
9503
4559
1049
4289
1520
7966
6815
474
4048
5351
806
5128
3637
7372
3578
8546
1298
4708
336
8230
1492
8812
5786
4716
233
2241
7302
8852
9956
3474
3311
7190
2271
6603
8043
5365
8739
5825
9381
1478
2863
5105
8056
960
5079
7548
2147
6701
1687
7495
8724
4966
2096
1572
1207
2011
5531
7652
6231
9647
9712
7894
1201
5939
1714
2778
2372
927
9730
8651
7303
847
997
1906
4219
8236
3277
6736
5772
6596
4505
6502
9832
8993
840
853
1639
7683
7073
9893
990
963
9142
6023
7023
1020
5261
265
158
6243
1150
5569
6490
1820
2568
8285
3251
4133
4112
3205
5960
1475
4325
3098
4030
959
8648
9637
5727
9276
2682
8704
2111
1808
6458
7374
4865
2334
5228
1693
2500
3056
470
8980
8760
3445
109
3076
9706
612
1859
9079
7218
3206
5788
8897
6421
8567
7769
7576
999
4243
9896
7836
9851
3230
8034
2694
660
6446
8379
8348
4542
6392
2839
31
6587
3542
6118
2054
2681
4256
7281
3771
9160
2521
5425
4679
2063
5053
4439
7052
9333
9646
1762
7232
7452
8924
5243
5404
5886
946
9246
2374
1346
1233
5464
3785
3974
1421
5260
8101
2288
7554
9328
3830
825
1293
6296
7868
6882
1898
5349
3136
3632
4334
1061
2261
7558
8725
4191
6497
1133
4372
6337
6639
8949
2750
3894
2598
2446
4025
9858
1330
3970
6298
2741
3256
5044
148
3854
2655
6633
8472
1471
376
9190
4555
3381
8769
6258
7103
9278
525
1335
8355
3352
6991
1114
892
14
5771
1782
4834
134
1021
2162
8791
2095
9986
2104
4029
1441
2737
3117
6751
9855
301
1840
5757
7358
8585
1215
4614
7266
4031
2827
8705
4163
92
3301
1805
5484
197
180
510
3837
5358
1494
7697
6980
6616
1361
4246
5724
3380
5913
2686
3557
3973
5001
2795
8562
4659
9636
6901
6403
7800
5683
1673
4690
7473
4572
4123
2229
7982
5792
9013
1589
3831
9645
130
2877
5016
3965
6184
6348
9592
8977
8459
6163
2001
1998
5806
8470
8503
7072
6924
9567
1307
2152
3584
7488
1655
1368
8628
8855
7873
4599
8889
690
2068
8504
8551
6829
7831
8960
4810
5884
5513
325
5315
9828
7147
9600
6565
7643
2565
4175
6145
6286
4717
9099
2523
4619
6778
3450
2519
4512
1367
8210
151
1700
9419
8457
6314
3857
3581
5541
5536
9580
3208
5807
9606
5
3224
8817
8298
2714
1937
2606
9906
1793
5113
6080
9719
8723
589
8454
2957
9839
7439
3164
6624
2385
7299
1881
2704
2954
9546
1711
481
7510
8028
4286
1880
2986
472
5902
3048
1459
8818
469
9271
1029
3631
6760
9829
2919
5388
897
6254
6958
5219
2280
9589
9998
8166
8477
8523
7116
6512
5870
3307
397
2209
7318
2777
8877
5842
3194
9991
9249
8550
4468
3351
2902
8869
9878
1851
4882
5242
6010
4727
1278
2926
2617
3130
8094
669
1934
2880
4320
2208
8535
6937
5676
7718
6126
6013
2412
2098
6576
3815
8709
296
8398
1372
7454
6417
4156
6093
12
5653
5396
7401
6877
42
7974
9261
7203
6554
392
3310
6629
68
4457
3088
337
2273
8744
7773
8267
1037
5111
6373
8918
8206
1275
1276
675
8743
4672
6519
1923
1890
1751
3572
372
4832
4884
9962
3471
76
72
191
8363
626
6365
8414
8687
5581
2289
9069
6539
9420
1651
5570
5462
476
7930
324
2143
7962
9968
3822
7394
1128
9060
8493
8173
4055
7021
2860
4374
7780
2698
8149
6818
5961
9782
8100
8622
9037
4223
2821
1924
8874
4764
7256
7329
5416
5750
8296
943
940
8189
7544
235
1488
6268
3951
4627
9837
8848
7122
4062
6459
5585
789
5287
6876
6706
3195
179
5992
9286
2176
5762
1474
5770
6728
1389
5878
6069
1823
4850
882
2569
5223
7264
5187
3163
913
6609
533
4383
5461
7467
8087
915
615
9258
493
4538
5562
6345
4251
5872
9111
1822
2248
8114
8280
7822
2911
9168
4103
3986
6294
6143
7455
6476
1730
4382
9169
2782
8382
7636
1490
4513
1915
5662
80
7077
2244
9415
6325
3110
4783
8609
3993
6205
460
3122
1696
1699
7680
7674
4788
6985
4149
2771
3902
3004
5236
2441
9907
1720
1095
5101
3314
1279
5027
6482
7523
367
8131
7720
4390
9101
4301
4034
2197
3685
7271
8117
2965
5901
8072
7540
7686
6886
4710
2453
3905
8802
7132
3146
5341
7850
9562
7920
677
7157
7826
7738
6797
914
1997
5966
3046
7080
8495
2508
228
285
3555
7883
9529
1352
3449
8749
8397
4418
4967
9133
2006
4172
6731
712
9129
8899
8063
9240
3526
5871
6986
2691
6895
4656
5410
4013
51
5478
9078
4042
8133
2155
6477
2380
1168
8987
1865
2317
9300
245
2086
5485
8083
3245
1868
1106
7338
9008
3358
7609
4430
6241
6513
1212
5846
7806
5302
343
1381
166
6386
9550
7067
6564
839
2730
6305
4515
1662
8592
6546
5519
7687
2275
5538
5517
1417
3268
8716
3946
4210
3366
4853
9611
3546
6375
6115
2062
9398
6761
3883
7587
5405
9953
2116
8091
8343
6768
4781
2875
8968
3598
1489
8417
5158
2738
830
3111
9939
5498
5856
2264
9087
2353
7784
6503
4775
3302
8753
3285
5471
7478
6743
1795
3780
7970
3012
1072
5943
3387
9591
5477
2740
9178
1385
5848
7854
8399
1837
6277
2944
8542
8684
113
1411
721
8077
5711
5215
5882
4757
2127
8690
3972
7494
9163
5813
7756
7434
4077
654
5647
4036
6210
9572
6113
6516
1340
3541
4445
3692
2995
4458
9553
7463
22
3982
198
6131
8410
7369
2202
5510
4035
8593
100
5654
3639
8806
4963
7907
8846
9943
2916
3073
759
1017
8255
6334
5270
2431
6926
7768
1552
4517
8215
3576
1159
5621
6651
7561
7414
5507
5371
7277
5839
3016
9411
5756
9923
6511
3081
2616
5876
4841
8793
7433
98
608
3229
5134
1640
403
1977
7812
7659
3151
1843
350
6811
8387
2579
9011
4238
3101
4529
9975
7986
4060
5973
4748
7703
1374
6801
6884
9568
9872
4925
9761
6272
6993
8251
2301
8375
3223
61
6387
3621
90
966
5656
1365
5087
2027
5865
6056
471
282
6123
3370
2724
2985
2067
4881
4
2251
7531
5326
146
2070
5881
6568
2153
8839
2433
4921
1149
5458
4535
8199
9640
3118
6625
877
5529
7351
1033
2999
9662
9481
5972
7605
8040
9792
3169
2293
3095
9058
6961
8721
369
2100
4914
2594
3053
3384
3255
880
2502
1903
6543
9202
2974
6041
3512
136
9383
8901
869
4306
5875
6617
3908
2789
7055
8
6148
402
371
1920
6843
1076
1961
3700
9404
8420
2327
5054
3617
9941
7486
2666
9990
856
3346
955
5627
2417
1063
140
6783
299
7419
683
741
6042
1175
2419
4587
6015
4318
9340
4546
7352
3570
6065
875
4978
4003
8902
6414
5325
4762
8765
2099
2367
8071
7747
5778
9146
8563
5233
571
5356
8287
6422
5534
5556
7265
8614
2199
5151
9184
9619
2156
5600
685
767
163
7991
9722
6826
9471
2046
9077
2687
9361
5160
4255
5329
5093
5645
2052
9035
9145
6692
3717
4827
7346
7725
8201
407
2319
6726
7459
9925
4760
9075
4939
3513
3953
8671
8311
981
6260
5601
1575
2522
988
3507
7355
4733
9032
330
918
1590
2452
1611
2654
7712
2279
8042
4942
9866
4304
1111
6407
387
2305
4751
8863
8175
1797
3979
4903
5154
4694
7377
5320
8617
5948
5450
2390
6379
1081
7656
3480
6186
8019
5659
7004
7367
1900
9798
1449
1129
3400
104
896
7464
4072
9884
8336
6058
6790
154
6888
1364
3368
2399
4449
5118
7830
9100
9585
5157
7140
2868
6342
5131
8010
5844
6601
3560
3906
373
3079
4647
672
5037
5991
1005
7222
1573
8825
8644
7778
6242
4205
5031
2563
5352
5824
3086
971
4450
7071
9310
8423
8337
