2110
8253
7656
6738
9580
2478
6498
5507
4232
4469
3765
6775
3142
5534
9911
4051
3513
6240
7470
8098
9958
4049
6214
9806
412
8002
5042
1208
8574
6925
3011
1254
4922
6838
4328
3226
2621
8611
2235
7005
7834
8998
1216
2906
1470
7675
4790
4017
5815
7852
621
6854
3991
1337
9296
9214
566
303
9573
9826
5045
1897
4721
2461
9469
9004
4452
5954
342
4571
7894
7709
8374
8489
6441
9655
3730
8860
9197
7942
8364
2102
4996
4151
384
3185
8521
3895
7504
9953
224
9241
1128
9676
2985
304
3916
1265
8730
4952
1107
9288
6355
6718
8761
9540
4096
8673
8145
8472
1493
8989
2246
6501
7745
65
9320
7246
7945
4415
1462
1872
626
7088
6152
9662
1409
6423
3599
5231
9547
5656
9274
6035
9243
5393
9668
1351
9273
3029
6062
9849
7626
1352
8557
368
1973
3091
6004
9925
3833
5744
1238
2524
5822
6318
1993
7306
4561
582
8721
8179
8934
7746
9554
7375
7050
100
4875
3089
1386
7791
7452
8376
7207
7237
3956
5851
7972
5283
9948
9509
9934
1419
7261
4206
766
787
6462
176
1312
4306
7469
5372
8399
9451
4021
2529
8221
1037
3180
5203
9486
8703
9377
8407
8837
8897
4970
3887
7122
8257
8586
9244
1739
4928
2932
2074
9807
4457
5689
2108
6547
1885
6856
6689
1811
2146
1328
6039
1639
6286
9249
555
795
9338
6992
6764
5904
1295
9042
4854
4045
768
4687
1160
4430
2285
1330
4605
5075
8423
9217
6884
5959
6101
892
4223
9170
8306
5111
3716
8746
4640
3933
9339
2803
6793
630
1767
8922
3306
497
3714
8037
9693
7704
2017
8111
9917
4884
5492
8576
2015
5247
9847
6480
9534
3465
712
6012
9933
9558
9543
6092
6989
7789
3359
3859
6954
9269
228
1292
9572
9942
5704
8840
1095
9447
2416
4157
5752
1370
804
6552
9437
2388
5906
1149
413
4237
9510
1611
125
487
4651
967
4967
1080
4776
1379
2884
9057
4610
6543
3623
7100
3365
425
6686
7925
2541
4408
3184
4100
1834
9183
6609
8634
4070
3553
5232
8272
8713
9094
9692
9491
7685
2687
8425
5323
5195
9209
2231
4772
5772
2300
9814
476
4665
1242
1960
9593
7194
6074
5100
6562
7465
7115
9335
2768
4844
8623
815
7344
8891
5302
9127
6244
1747
1055
6372
9330
3657
3978
5156
9641
5618
6517
364
3579
1488
6036
6147
2907
2850
7980
311
2408
2545
4076
3504
3919
9376
5499
5327
4491
7003
9492
2923
5192
1302
92
7371
3472
1040
7872
1190
7587
1303
9100
6585
7562
5312
4195
4443
2131
8903
1917
1414
1224
2953
5542
5531
7208
367
2813
9410
4488
3912
1997
9686
701
8992
113
3790
7491
8606
8893
2751
4197
4902
7457
2858
7725
296
4014
8738
9181
4441
4122
6532
6957
2933
7240
4205
2495
9709
1014
6662
9994
3739
6067
3664
6217
2799
9983
5693
7191
3317
2995
1552
9412
3193
8609
5870
6900
3390
6893
27
9680
1161
5707
1017
1325
3019
4714
9914
5728
9869
6953
2855
5078
4156
9644
9436
2050
6299
5189
4635
3164
1506
517
306
6665
1258
2728
8939
7060
2254
1827
7386
7181
8698
6696
2513
2581
1393
7260
7165
2272
8164
9726
7742
1932
3302
9323
7673
552
9993
6811
1520
3345
5725
9385
9204
5664
8381
8245
779
9253
4549
8854
9511
8450
5921
2072
223
2940
6370
5535
946
4756
1535
9800
7553
291
3137
5553
7887
8690
3325
4806
8204
7747
8248
7663
8028
4893
3324
3413
2896
4191
2646
1892
7421
1835
9986
5731
7919
3485
8412
6011
4921
8010
7035
910
2027
8951
746
6465
2869
7690
6568
5924
9888
3921
6455
5260
4905
9725
3596
5807
1478
7801
4949
2040
4580
1004
209
2327
6866
2673
4272
8902
6785
2607
7542
2257
8340
5298
8910
9090
7588
3583
3072
771
869
914
6161
7295
862
866
5113
1661
8042
1910
238
2719
2614
783
6588
6484
2769
1436
9857
8113
308
5065
123
8798
1434
1738
5958
5769
902
3687
2168
6750
2962
3314
7275
8640
8745
7203
3457
2444
2970
9652
1288
7087
6513
9258
3389
9785
8898
3523
1489
970
3753
1001
7875
4655
4280
5724
1369
7918
91
9300
1534
9775
4046
9325
10
9408
7679
3113
1901
3305
4308
8418
4316
2493
2620
3247
7820
13
749
3204
3049
6430
4658
1843
947
1735
3046
5883
1589
3560
2959
7641
4754
3566
495
7865
1693
9690
679
2174
5048
5280
5073
9960
1163
6113
9762
5084
9569
1669
3862
8864
9303
7853
8291
4785
2465
5185
128
257
7263
211
5103
4084
4871
3381
4998
4160
9982
9768
6538
4780
3220
6611
9124
1473
1507
2956
6612
9010
9875
3481
7978
5227
2302
375
2187
5857
1117
4466
4979
4279
8199
5532
8428
9906
5825
9956
6549
2522
5729
7653
3594
5647
8649
5629
5251
2726
8919
1011
6259
9979
7618
4557
2386
2053
339
5425
2863
810
3850
1350
8533
4361
7411
3388
8238
3592
450
8876
4317
5026
167
3516
6313
2051
5271
3685
1523
7282
5268
5154
601
3427
1223
2592
519
1566
6894
163
6045
2434
5287
8749
650
3903
8346
1264
3102
5726
3463
2638
5574
1314
205
4320
5810
3612
5095
9362
1026
7669
4630
2281
3273
460
2576
8711
3582
2309
9080
2584
5819
444
5119
8473
4442
8280
7694
3676
7438
2419
8324
3927
1315
1067
5770
7278
6882
6392
4873
1975
4879
9453
1510
6428
1565
5843
6175
138
7455
594
159
1217
9171
9532
48
7170
3642
4993
2410
7250
6195
562
3764
8015
6511
9359
5867
9061
9122
1291
4304
1465
5533
1559
1177
5586
2114
5842
9045
2818
4275
9818
1772
7217
2717
8957
6412
332
751
4451
7565
5678
6275
7870
8432
9515
7318
6868
8494
8193
6456
4797
4068
6281
4938
509
6185
1757
1104
6610
1521
2322
9949
6376
3541
8988
5981
2483
5816
2709
3152
399
135
4344
5101
6865
2486
2599
3713
7939
5387
3320
5169
4958
7689
721
3613
6007
7891
1599
9585
5082
7337
5374
2276
2666
8836
4424
8025
7814
229
8214
2255
5062
2228
7643
8390
7769
9859
2268
5660
4515
1432
1666
4284
5936
4101
8087
5614
6927
2939
5990
8406
3647
785
7391
250
587
3855
5994
4625
7006
5091
195
7674
559
620
9103
438
5727
7608
6760
6815
8244
6447
5055
4577
3170
9567
7667
7041
4622
2996
5058
1362
7076
2417
9514
9105
1598
6348
5172
6545
3347
6050
1705
7880
8545
2661
883
3281
6598
501
3149
6932
2321
6748
389
2976
1408
3805
3099
8694
6837
959
3932
3052
8393
6972
7132
7829
5215
4445
7280
906
9970
2778
6127
8680
965
9504
4086
7107
5716
9968
909
2812
6580
390
8440
8847
5697
6167
9776
3048
4297
5908
2798
8303
6660
1786
5945
4330
1300
9142
9349
7817
9812
8220
9102
1476
5826
158
7879
6379
4061
9475
3121
1899
1449
2685
1457
633
4849
4591
8532
522
1881
3706
7909
4468
2764
7197
6554
7018
8546
1536
4986
9099
6571
8304
5137
5715
5335
6581
4053
9870
1112
814
7130
2070
3813
4095
1866
7259
6677
4960
5798
8948
8078
2286
543
1680
6608
2731
926
4474
3182
1745
2489
5566
8067
1051
5961
8966
2453
1229
7125
6744
6625
7062
3368
5617
8100
5360
4038
955
9149
1058
2528
984
7083
2232
1986
9767
1250
7856
1920
6593
9060
4137
9736
7514
3160
1998
1965
345
1490
4818
8005
7152
6478
6119
6650
285
1610
5611
822
1035
2305
7765
256
7112
1285
4551
461
1625
2808
9497
1060
8626
7241
6400
9046
748
6258
4823
4163
7392
1756
4991
3476
3573
9496
4108
4848
8447
8916
8039
3001
187
7347
9596
7028
2218
1906
644
2432
1138
6636
1954
5128
2823
5191
5544
4276
4660
4904
6315
800
7574
5627
7315
6963
8954
6426
5846
849
1941
2774
6682
25
6867
7150
7708
6285
2080
8330
9894
9699
1132
9187
1251
5802
3208
177
2902
9308
3973
8387
5501
2226
9620
9987
8811
9413
5612
8134
7002
2323
110
3380
3693
8016
5639
9950
2626
7113
5935
9480
8821
5988
9508
6630
7947
2421
7775
9111
9752
2411
129
1173
5300
4542
3925
307
4074
6263
9972
6388
4801
4077
9174
3478
5368
3300
1995
56
3517
8163
9819
299
2681
2490
2026
6878
7290
8707
5859
8971
7569
9355
3343
7178
200
3344
2445
9843
8527
8040
4305
3069
2253
9048
9112
9833
5267
2337
234
2553
481
7821
8196
9529
5
4489
9247
3397
9064
5733
8402
4987
677
2603
2672
8575
7297
7592
6548
9735
3084
9533
6090
496
5934
7223
8237
7828
9758
4271
3231
8940
3806
4224
1788
8692
1904
9636
1318
8769
4819
6825
2065
3839
197
4080
8069
6339
7577
9645
7394
4497
1632
8173
9703
9279
4255
404
5441
2274
9240
1517
2045
9041
9880
3728
67
3308
2972
613
2736
2178
6574
8266
912
624
8678
904
2677
