88076
38558
89148
75220
55823
86487
43364
61111
55600
62038
68301
52220
8844
27684
75585
57542
82623
50914
20882
28748
96617
1631
26312
68161
27256
14214
79178
86070
48402
73031
69359
85295
59464
42783
49019
79438
95513
41199
81141
25696
81156
13344
14107
92002
33065
7934
56481
91070
29534
86350
98569
28852
32419
44429
53370
21592
76675
63599
63824
66948
38210
18077
99023
96038
33503
80640
35437
85765
77168
38530
33567
49066
11993
43217
8953
69803
20315
33240
45633
7101
19028
78563
82710
46861
14542
13180
87829
74817
22581
29888
42085
60196
71188
11691
32619
35711
89188
27937
73472
91185
72434
61206
14557
59218
74728
31473
21032
70933
31251
77090
54186
66845
44142
70264
52703
27157
4907
60999
98630
96228
60229
90253
70409
91632
97009
73094
25438
34081
84459
58295
64733
24107
82747
43340
2609
49710
99845
90148
36699
81812
19640
22454
10055
81422
42215
966
12602
64718
27899
80497
20038
99987
9077
42722
3570
62892
58702
45201
95252
53788
60388
86113
617
55442
83374
77321
7653
57939
32085
12948
63274
89021
25307
36050
9575
43082
28002
70764
68270
3669
34131
4964
46066
10124
14755
99997
10325
74279
57398
56546
32425
48741
80933
6198
38805
76354
47025
94863
88571
21041
10958
1247
4971
46782
73556
70371
7521
26058
76623
51390
46493
11098
91813
42111
69202
4280
16640
95777
58238
30937
95621
92828
77879
65697
97780
42202
29663
1018
66440
4642
66121
40951
72861
5242
60600
74055
32391
79668
74915
99794
22294
12676
73764
85289
90201
61609
89501
31853
92478
78502
53472
93757
58073
1424
2271
40369
20850
30961
6543
19302
88437
62039
32028
82266
25088
16082
65708
27377
479
80478
34834
32638
17779
85355
46958
67585
26502
71666
55359
20671
43688
33026
29031
11006
40674
76697
19696
72451
81718
21071
39710
69969
13299
79158
70679
16336
43835
52534
51023
88006
99872
47990
14772
29045
98352
49088
46712
33671
75858
32007
2085
47082
21395
30304
86995
89818
10823
99929
42324
45924
17526
27238
31148
57830
81635
53974
44382
84682
44337
36848
31185
57819
65256
95167
73195
63073
69906
39168
91028
52271
65676
26813
90701
30253
2618
3268
51219
64494
81099
89730
31974
34956
15857
35752
86678
4648
78581
30899
78263
4046
67863
21491
87034
86834
22999
47903
57552
81116
40177
28410
34375
33892
26358
21580
43904
56968
43679
59180
69420
95036
64301
99020
24871
29681
63669
50329
98398
50435
55631
10105
13538
49812
63484
69673
79767
24009
37567
32348
75173
17285
55299
21876
89667
38756
20240
69132
64552
32328
85192
9884
41290
81420
99914
98447
49802
87209
77062
44680
48229
39590
1379
4843
22799
45243
81996
88741
86780
67656
20815
69801
67606
13116
66291
66237
34691
64361
4300
66432
96858
80454
98779
487
89327
90080
5323
97913
84919
136
61413
91446
60879
24029
42908
95868
23156
54865
76060
29393
6129
89214
6086
55301
9967
62362
50367
98167
46051
45890
48573
45406
20385
69626
230
24918
87543
92568
18694
56391
79833
92206
50814
26191
20878
5813
18282
55096
31625
54763
7353
5070
15245
59770
19241
24889
16176
14042
85972
71979
86419
58890
51747
23150
56718
46062
35357
11648
61965
24596
64445
44737
55242
35858
73824
25096
9202
57161
59506
23890
94754
47853
80431
8192
89454
70885
64580
24464
38633
95422
33624
92059
34055
32720
35782
49651
701
14982
64428
4440
68869
44303
69162
43986
8735
9291
27249
53121
3432
58666
10089
41847
92224
49459
29062
9548
73449
54966
72663
42816
1369
62921
69159
22741
76391
80489
80681
1912
73136
42755
50107
19353
51560
97614
95895
36874
92292
34243
57992
70889
92232
43277
41324
51441
4845
31086
93879
93916
24354
99961
61071
22054
39514
13397
44788
87684
8289
58577
77618
41427
54177
38237
95586
51186
44997
36919
39918
66408
44198
47761
99405
74664
43149
57677
74799
9089
7789
21765
59422
70991
7600
16261
1448
10162
22240
66226
47767
77421
44453
88085
95211
45619
11007
48920
51273
91395
92281
9273
36091
78061
40574
18211
40983
41143
60140
70627
37715
18932
47018
53455
30801
41237
889
48216
55188
41999
32323
67944
90328
12021
68880
73737
35261
22919
69602
99859
43206
29987
93722
3197
22680
78041
38956
2225
51188
31127
93606
72627
30178
39811
91085
79365
89889
70608
81276
71267
79792
21763
88289
33590
93939
78291
6477
27176
90395
20204
34814
23215
97268
23371
71390
72228
7827
25749
81050
75994
84894
42309
99011
83308
26127
59429
39452
88836
96573
46964
16244
5907
7336
82555
57693
39714
59444
56004
92814
26268
43266
19536
65224
24784
34181
96932
26619
27776
55377
67676
81295
15753
57216
60444
20624
37072
21957
82615
82347
60136
72690
9211
40083
71854
97949
80620
20489
77348
24857
69735
40591
45931
5583
29411
45492
46616
13423
76379
17506
53315
77809
48847
6130
65628
94241
79883
46185
430
50810
19346
99000
61602
37503
22549
24444
34806
61254
73522
6073
8895
51311
19569
75662
34308
64355
29299
3981
20111
28066
25378
54465
61181
29260
35846
53344
4733
96276
19618
99457
21896
60278
79485
63806
13662
39593
91960
45509
22353
79625
54960
62780
72281
23924
55757
73668
76691
10863
69780
98464
42426
14555
96454
64118
41670
3860
31857
42730
13464
35303
40575
50382
82934
71247
25119
58236
44498
2072
87105
37892
34461
62788
77971
16440
34338
22334
82966
24716
97084
92029
95704
34357
12521
5754
75645
14886
53155
46524
28219
36067
20618
62920
43927
99920
95165
49357
54800
77193
48370
34050
89108
38575
47659
99416
24663
56659
27608
98537
59480
28840
37310
60527
52163
85718
6046
10438
50112
58719
8606
46478
23147
35192
74244
81988
14149
75324
40917
59338
8810
91821
25986
33557
65645
35467
27232
40892
42211
95417
11230
67520
35809
72210
61865
59425
94112
41938
33507
65518
68138
17876
79793
76447
67896
82978
8576
8632
55136
8327
21971
58969
23405
5527
38903
20710
29237
43956
2026
97958
30277
83904
72766
4584
19096
99897
21883
28636
38379
45395
85497
9666
1217
69150
26328
76686
99224
39345
42811
64501
43832
48728
21753
66808
18025
51385
15178
6833
6172
45116
87641
62189
97121
27553
46776
9378
67885
84102
30241
31330
57070
89324
20051
39573
6234
82666
24160
36551
93496
39836
43334
5631
69613
81898
55092
88989
13928
56591
82504
18732
78282
15369
70898
62208
15050
73087
93376
83299
30407
7236
9395
48686
36172
84396
47303
72760
4365
56092
50288
10033
35619
26958
44666
47974
92581
73675
90044
85331
63749
3915
46426
23286
67610
41301
31079
66449
18355
70319
15797
28208
88031
92333
44174
62149
32631
41283
77680
88631
31956
88554
99080
20484
90451
68660
78520
75026
9083
35326
46967
66780
2161
33350
29668
42459
50385
82379
92552
41954
70609
11200
88868
88636
80808
60653
11393
33321
84303
70864
22142
66551
77794
24586
20132
13544
38669
8820
29966
1356
88673
96902
5146
44980
38277
56277
1833
13463
22111
93830
49793
3587
50745
31305
55372
65546
85130
82399
41365
5282
37586
48308
82257
4602
84882
84477
56244
92083
61899
47052
87727
52814
33634
13278
36995
24164
44206
61383
10980
47156
15322
33874
122
48840
68645
27540
44376
55201
85268
79610
7859
28810
59162
13248
57293
62367
29487
89969
90673
42050
61963
14177
88336
1733
41662
67422
17328
17531
58487
54808
34003
36115
72925
35555
99567
82877
60914
6051
2165
24357
51305
90412
28602
59620
18595
5506
32173
29991
68958
75510
10769
1310
7568
12252
29074
41784
56401
21978
7509
18604
10843
58158
90230
5410
87307
62693
39391
65029
35485
79108
85316
68151
66715
86610
23021
11727
93093
19284
29415
33497
12442
25166
36726
70788
44220
74727
24218
47855
50977
29492
4061
5232
67271
74616
58960
20002
56638
59445
19256
55046
95627
583
21110
94746
8077
38560
17211
52227
7548
97333
97683
81255
70703
69942
71662
39351
42234
49294
15493
41556
52948
8416
49413
38694
89290
66238
78393
46461
4949
13828
13626
24593
86958
76166
70510
10519
15233
91603
755
61662
52201
89673
14116
91483
11696
53972
55647
63154
97184
85456
96483
82485
5731
24474
8434
84357
3832
87311
56697
72357
18089
91035
15428
1439
44579
74018
26858
4839
89632
9787
97473
65581
5284
83683
44884
70401
54961
74379
43172
47100
55723
85519
32917
43678
47604
37452
22561
48980
61458
19848
6493
55012
52418
50583
36841
78802
86131
5012
42298
69640
38196
80605
22153
80945
82261
47260
7198
9988
58572
81554
42005
15572
78529
73201
53914
35975
1611
96344
17539
80736
42339
13720
34733
48494
58084
4805
58920
65223
96225
93610
38460
88516
8066
33248
16766
94960
80924
89869
48171
41057
66117
43634
14796
20447
68414
12027
80286
69666
12634
38075
67515
16060
8536
50756
18870
77315
75181
98607
40299
26336
81647
6468
90374
25103
2182
40621
89685
29967
64435
38650
90118
34876
98176
1698
6896
64723
20660
6271
28388
9357
56773
13697
44707
71179
95374
41227
29051
19388
44355
93056
875
68626
14731
55766
40909
57664
20587
71281
69362
36525
22970
37992
96236
24031
15411
52700
295
30789
90522
52204
4826
6195
64895
97672
15367
63775
88405
68553
92744
4509
50522
66792
8776
77763
32913
66973
77822
42413
86554
36143
66101
98848
50083
96723
44965
1300
81254
4967
39641
12691
96495
81675
66087
70546
38316
10501
25470
88746
45688
59471
79608
33391
6461
88020
21461
13752
25765
86138
17620
63716
76857
59261
76580
29552
83726
16921
42974
57449
40607
70471
53088
32645
63475
88700
81563
4774
23023
62450
61030
79209
97658
7258
42350
61771
91785
21314
91312
24964
43228
25058
2304
23379
94554
65139
3713
92867
12046
98912
38852
43758
81964
8625
68878
42919
68557
33781
8986
10429
88416
25600
78219
58173
35042
68041
69432
34867
91790
14275
41615
46431
80651
59165
2040
64890
48097
61630
51162
3874
15813
79301
29816
57780
69544
3636
32487
97999
96915
37839
97316
29103
97079
65935
22507
20933
23309
88151
91885
32208
96212
9693
34828
96384
64695
62152
52978
97830
98490
3571
5519
57582
39428
87773
76256
18215
20022
99135
22838
47589
73878
96981
59761
20000
26514
52248
50246
65595
58485
68295
8638
11887
37475
83430
84580
10995
69388
38109
80049
49518
19422
5426
1146
55272
33042
27447
12828
90156
62144
40355
53990
66720
74183
6163
53882
41483
77051
17944
51759
64922
77896
16647
55310
15810
65065
95328
84676
78804
10935
66587
58895
6723
66480
97661
56469
40034
52060
7147
70169
13796
71914
49172
90085
3883
51606
83657
66608
59951
61843
70318
22163
18145
6227
53936
22539
89920
73637
75438
69316
30211
13876
49805
54470
80018
12424
70003
99617
6971
23646
37866
28997
10155
59023
37509
96722
95947
25231
62611
94781
98762
42652
49147
39854
45010
15902
27834
472
99342
22906
94282
21596
2749
52842
47610
2237
77762
6789
2724
20554
45200
38968
41132
2187
52689
76081
47841
99202
95021
64040
46481
34922
59039
10864
54240
48145
91077
37642
77281
45973
93565
2556
1264
22805
12498
118
72458
49619
53573
24913
16609
49521
33342
72875
40959
22506
96213
80958
69996
24392
66495
75017
49438
2737
66533
59713
77328
29671
78000
40114
79036
41109
80290
60735
71642
94243
71410
38953
14254
51360
31445
3457
52160
23554
46017
95072
11257
93922
55217
99668
37058
30393
45930
1511
48013
98051
35928
37132
17918
20062
21690
94482
158
68240
54136
98639
23935
89074
10113
71128
4799
2093
41518
71820
19993
24362
80445
92162
64096
35001
34334
76862
61228
54947
93745
15211
39474
8698
6289
42985
19229
61819
73592
25499
61469
27396
86562
24358
54462
80441
6365
28458
15632
11437
75336
95790
35304
67243
55102
72555
19883
67991
27179
72633
49909
33158
11739
89975
15574
43134
60286
32580
7516
49470
38906
99490
776
7893
96991
76207
95566
77411
40763
74308
22333
79887
55413
86697
26608
55977
87281
35501
12118
31350
52794
27750
81951
76050
14793
86358
29339
80282
22688
12020
44295
30346
10609
46649
50689
98958
34255
85988
19837
5929
92991
10545
32218
28605
23329
26433
86082
57608
40918
70118
8397
99173
9801
38587
94468
15366
17930
56357
28364
78415
60239
5194
65231
90121
67786
58932
60564
52024
5536
94416
93697
21524
32981
2878
26766
43000
38589
84785
1212
9566
58148
75108
39762
940
45117
80831
72526
1455
2127
97671
24272
12235
49183
82700
87214
45745
20866
5616
49769
30810
4270
49894
42517
95576
53191
86398
89002
82722
64052
65147
40381
74864
22449
86085
27558
72471
44632
58127
13213
77038
77630
82352
73811
42587
73574
2472
80031
99283
14230
2918
42828
24516
76072
64303
6099
31021
7669
61745
71669
43603
65003
92566
68434
49750
97038
59685
67677
64359
67231
84866
73210
49868
70333
13484
60837
24076
70930
41205
84113
86687
65725
93130
31984
51602
35957
6054
53023
45191
29064
47682
90292
4021
49565
12210
85632
4141
25452
27638
4113
36048
46811
45273
366
81171
41146
24369
49167
61406
21116
40135
93068
42521
6830
63930
62971
35921
76622
34285
33648
52224
61276
64011
53070
8728
56065
62490
34615
26651
3827
75602
3067
14655
33196
67774
275
37556
35489
39778
86199
78820
30886
55007
75115
12543
92418
29885
64637
34067
84046
59370
82209
86356
13977
57943
47339
46230
27379
98897
70913
33540
5784
14817
92382
55173
43776
74168
82258
37030
80647
90039
14763
55249
50238
52518
14296
34756
67232
62576
17780
3858
43888
35043
22261
46432
95937
86602
70013
3201
38886
58206
57979
95588
1750
44120
9990
99181
77233
20726
90902
60037
87555
55858
39894
77907
29126
90304
367
14442
6226
66560
74024
19457
79640
32234
7748
45182
68664
62776
83090
83354
89267
41084
75859
81755
32338
56033
2925
6208
43126
27994
56362
62074
76226
56570
64453
12470
41958
68836
27675
16938
95449
84605
18706
52933
44955
40016
69908
88497
14088
3124
43812
95981
35689
81873
39557
74473
42971
73152
94494
13726
7154
19879
68597
64885
78374
4854
75771
80589
7152
22625
36025
30552
82063
66885
36357
58284
13327
993
43494
70047
32247
20842
26905
16352
84628
30078
9624
50033
97536
9705
11667
14210
22679
3747
34942
23854
50835
11193
90446
50855
58645
45327
23105
17325
88767
97785
26810
74114
44871
45057
39031
80713
21088
36768
13729
51228
85320
53672
28786
87758
6485
31162
9428
69550
6174
18815
73523
65737
86788
62216
30462
75343
34812
8928
39846
75287
78355
34693
7760
85974
65225
8147
64747
46563
57122
67682
8058
33473
36985
97676
9569
97167
98351
33351
20456
82553
34868
90464
72511
29655
38576
97627
28194
32427
61037
79575
36853
34766
38189
52602
48845
73872
1059
59969
33195
37852
9974
68547
35910
56373
24455
33204
12139
39656
65262
58524
18334
61497
27352
39966
6300
44388
52134
75948
61613
22954
81314
98029
91922
21532
11474
55112
42729
15305
1622
97062
17113
78549
59537
55041
9147
79709
90443
35232
4157
63980
92097
5936
10387
15094
35614
32067
45726
95451
99236
53465
12120
58673
1665
91952
17886
24313
39998
60532
27831
71835
51089
44234
81775
7735
2818
8655
17125
7628
11084
78112
51624
35231
76877
11635
99945
99197
59062
49089
12441
4636
38632
8937
41088
96328
52015
56367
67438
18346
83258
14839
98072
56771
34339
20374
16569
37614
68533
68838
60244
31225
13238
27079
75066
47095
73516
51766
61582
50054
26878
306
87171
91278
9606
74637
75346
69919
24888
81572
7364
22502
35405
47680
10393
3095
33934
32879
2796
92368
13036
93615
25809
15803
9256
91754
77481
13763
45981
13979
33369
4161
42213
656
7348
43478
49759
30526
90922
97850
25535
65641
31115
31576
60394
33718
36831
78746
30058
86135
79627
44577
66846
84815
12744
40407
73285
54910
47978
19088
32754
28021
8221
37082
66014
92650
40181
98444
5482
28592
13143
34860
26562
40258
89236
58279
89034
7597
57715
32511
76723
14727
54877
59484
6594
29647
22035
71353
51542
76410
49918
4673
63771
84599
68220
64765
1087
7914
24902
26010
57330
22754
14233
84930
5486
35734
56164
74316
18061
18533
45142
75371
24874
34986
26652
75323
67009
83714
63238
63866
12282
55549
19424
58037
52613
46621
27182
83598
95181
860
61962
82028
25249
30500
15401
17157
46699
35723
27618
12167
51549
20959
26593
37221
70501
26859
57898
90559
21187
38991
39332
42099
8572
93502
33151
15783
90306
91030
66136
84356
17980
41620
28961
10752
89384
47033
78588
19749
27504
35211
10666
79647
45979
72421
97592
72686
70258
85510
17077
30844
38147
65404
64064
53469
13804
24728
69558
79628
90866
65868
95755
73727
48846
56347
41915
73342
98812
5377
2815
3012
69136
7586
75792
94979
62596
73648
59124
96971
12643
35828
1712
54022
6270
97321
41231
34109
35953
34802
94191
49122
19396
61713
24730
47947
38211
3448
21258
37219
7501
2409
97306
62772
34397
85266
91890
40890
95845
20024
10711
67879
5655
47225
43775
94634
95501
2923
34909
56370
53151
37242
43492
38434
72160
91612
31989
89851
96266
54798
52240
23140
82935
74852
92110
96867
53857
39925
47345
62418
77878
34697
28405
6027
27857
18095
57734
76227
30751
37877
264
98960
58022
15727
74955
91332
37532
19875
18602
55592
28255
49800
59251
21254
51547
1538
78655
83656
75076
19192
24966
66052
66324
53627
92085
29070
95047
94311
38076
47198
51868
7321
61625
77730
77311
61470
10610
25372
7222
90320
24321
46944
66393
77995
39205
56676
23812
37893
80108
43584
21716
57808
83925
73634
70771
34969
25824
78176
74827
36173
60067
26863
17571
33303
31334
783
64692
4310
66964
31008
97452
92039
27900
76019
22969
46439
66518
2794
68288
58086
60000
11499
5959
14206
49151
31430
18016
42371
3438
17227
34645
98276
100
65532
5466
61547
9392
64161
1684
4049
94272
58870
64699
95134
25156
35888
54938
93481
48028
74681
53879
31390
53633
95684
96113
44742
83754
40026
56120
37954
46317
83199
7567
72891
86168
49188
74643
43085
32243
92719
88648
44538
3941
27416
43983
61065
72321
82312
34053
37438
91293
10235
63237
7382
34721
10284
59848
1638
1801
24140
70578
51800
69963
90735
58185
54460
17487
72153
21046
87992
39027
80761
364
8951
27710
76098
94997
3550
26178
99338
66020
2890
58249
60713
227
53509
99957
84487
25082
57234
62722
80213
90798
22635
26853
19616
23346
57150
9193
80968
63029
24487
81952
75559
37259
26043
47137
79010
57423
33236
9252
57921
86951
8155
11915
46389
34491
61417
3284
92517
10298
18244
76932
40110
71146
65140
52041
32686
17107
66330
24687
73493
87259
87725
7948
3401
26472
13893
11354
27260
20954
55182
62747
4107
58769
82835
22638
81634
46348
27673
15956
39415
95471
32382
53983
66836
50967
78748
35532
62613
82676
88738
13280
13751
33703
11865
79170
92976
68057
1304
2184
8583
28200
86985
36370
21135
21399
48779
61701
83259
44925
3988
37178
83826
99455
70255
29596
45876
16422
10538
39177
94502
30615
16512
16
21407
87413
7369
65596
84318
18563
91690
70015
98747
99491
68350
9025
54839
74080
75136
62519
26929
85731
82126
88687
98449
1449
38726
93667
45762
23648
44249
87155
44811
83640
31326
63276
36227
54697
63778
23990
52593
71593
57228
6097
53940
78978
93728
18960
56935
26943
14770
61663
46913
95248
3681
41185
57388
75708
27901
1982
67759
706
66942
37683
64387
24787
99127
60675
33996
17844
48560
57012
18612
61934
9107
13513
62942
63974
62878
15745
7967
36504
93695
44075
15357
76424
28373
77637
2526
23131
79197
6511
70653
85211
45953
34033
44013
49903
1727
67980
90097
96244
38696
34022
4737
1032
95746
92401
24509
71487
33461
20320
77852
59734
46932
84034
6180
26843
84738
32703
58620
49845
4558
22842
76396
1590
39687
5042
91302
82127
79950
65704
27087
37813
81445
86731
25725
47309
11654
82985
89347
5111
16706
85692
15106
85471
80818
59120
72869
2823
73194
43488
61553
31942
52369
46330
86608
16504
74202
54923
83457
94678
15789
20647
22946
69213
97456
5305
26622
80007
71941
69414
48341
86854
18640
10874
31466
37961
5675
69913
4151
34429
3381
42190
12897
1494
12411
35171
2882
23300
55123
30910
46628
11895
44354
39556
72664
21001
80906
22618
24662
32707
50916
13935
28230
17623
21048
62236
99387
44575
81435
63858
53703
47241
27114
96607
35827
15679
62701
69092
83794
18893
87148
28386
20993
13007
27290
75299
56535
80720
1775
7938
69760
70800
19791
18632
89122
66443
7008
28349
78727
34194
16543
2308
49584
36157
87913
14879
13947
89083
51106
31160
7329
86593
98642
38928
93723
87179
27282
61024
75363
59435
74394
63533
79856
30553
68246
58880
23245
806
87944
74417
13179
4370
8977
42935
11152
50344
47902
18929
91846
30536
15691
4535
14006
98389
77642
69031
93209
96878
81297
21637
67867
33584
71873
48937
62656
67018
60047
93381
27035
79557
79446
18858
13673
15886
8541
39618
37184
82200
85714
46022
83274
20875
48775
2147
23778
81693
41593
71074
83859
82356
71486
76638
17703
98371
27430
47970
26273
66315
78572
45733
33107
26254
87942
3541
15474
62846
34021
94072
60455
80664
35895
55163
77253
86790
61334
45007
73760
98989
1646
45646
76204
1618
25626
4420
50710
50539
99505
69797
39401
32773
84273
72479
98921
98392
25850
39578
93937
30243
84073
62775
37798
57418
65985
31854
52771
50236
39404
65942
90226
85794
66975
63638
40302
94800
73796
7537
4701
40196
6296
82317
77948
48502
34543
47598
57390
64158
27910
30643
97
63840
53933
23032
13735
57654
21070
77939
14426
50602
41818
40613
34042
20970
57799
65682
61194
65310
56702
75042
31420
28544
89207
51636
14249
10540
97289
69360
22556
45793
42083
29907
96264
86758
9348
70202
7135
99198
56513
40884
7141
33446
57457
51627
15432
9110
76496
23773
7876
99322
27334
71996
52455
25389
19123
86166
26132
42556
56999
24974
12979
27588
47498
85719
25198
21138
40906
21400
40067
84853
19084
56428
49952
20669
43426
309
23749
3721
70732
45820
39185
14101
89107
37413
32667
6538
45048
2283
39936
96633
59078
10639
73747
63415
32947
41140
67365
19062
72002
31605
94616
2349
70054
16256
42503
62648
79573
52676
46188
71036
847
26442
88965
74576
29666
76941
22254
92613
10668
66293
52916
19141
52276
10867
30092
32490
96337
9158
17069
19031
68210
15610
89430
99934
60603
99948
20630
77521
76970
25616
67001
94711
90173
90659
10358
57821
24601
95010
36619
25339
14950
46553
32973
64595
61342
97842
9394
10389
38369
90565
80352
84434
82366
65621
39553
54371
86292
65075
61946
23524
35719
65625
45563
95290
44731
6196
58423
74033
67361
71311
26505
14154
93925
21835
11339
51640
17505
44090
74250
67286
94515
20021
43424
89345
43507
24014
45915
96217
91750
23252
48658
48345
47072
52871
52429
51354
39486
87510
56183
56109
13304
81721
18981
92807
36232
77974
85638
15962
52403
93842
39036
20713
95533
10064
83834
38631
20465
27126
22093
40030
45196
95149
60757
36184
79635
99679
73688
28467
20930
65
33682
79307
17821
7524
86816
20797
84541
88382
34640
71798
54953
770
81044
21691
63061
75465
65757
58748
70069
93024
99604
25710
29545
72590
27204
66112
76161
82161
15187
43766
28436
72502
43907
26253
61501
34751
34483
18327
88208
86986
65712
39239
39022
6989
38260
11331
80473
74132
15327
73568
30660
92777
71080
95525
44950
6771
37939
90366
71532
83800
81461
90893
3285
97960
11300
76401
79789
9645
63089
90421
49037
24620
63341
11157
25664
54008
50838
82400
36193
82864
7229
61700
61190
94965
15769
25285
65122
37566
37300
8174
59779
60607
35470
90424
30244
53066
22472
8220
83691
60681
65953
52644
27965
42887
19066
5746
69593
43498
22551
86040
66429
62997
94870
13129
43978
13158
84631
97169
14562
57306
48373
41168
97652
3793
60609
55900
4545
93202
24534
65831
99101
42940
21623
8314
19226
44882
3313
26646
10675
49804
86956
90352
77576
2076
91269
2016
16977
65563
1111
59759
70296
56939
48768
23197
20765
76712
85273
94641
47518
38062
53854
43246
24118
25825
93119
95247
80629
95310
44002
74073
75345
22941
95019
56202
19853
16140
13518
1481
45885
47154
18617
89940
25038
98024
58741
81615
66259
84871
44592
54100
65507
64520
20768
44364
89413
83307
3523
82448
42841
9495
78220
79930
33009
75265
94926
71902
14358
30838
818
19780
88140
29800
65021
54796
26018
30498
86851
94250
61664
72975
79151
23970
23939
13998
3206
17644
2400
92975
66362
2916
30019
25064
6291
79984
74999
41419
63479
24525
98416
52142
65365
56160
72939
7949
55839
74179
53233
98751
90391
21354
99241
63995
848
57764
88549
81538
86643
1156
25525
28646
55435
77946
95302
68200
10919
36034
53521
14115
57210
57119
91051
70123
51667
23734
99692
4324
9315
87476
76536
30694
22424
27425
10840
82769
45966
28571
69662
46234
45742
61726
45363
88047
51019
55063
56767
42107
10416
46011
53040
67278
39817
45896
91619
49785
13325
14147
15190
88148
62022
88505
35664
18368
18424
36271
19613
55679
48704
13339
32355
33759
74562
69227
46603
24917
43965
91288
95865
40080
28314
71282
6713
55306
53350
19906
33118
86617
79954
45908
82894
31403
77566
46026
43014
49911
26874
44963
16066
30064
16134
78325
89298
2836
63625
13454
68520
70865
61991
82215
74186
63511
42329
1869
10378
87087
69886
55870
20182
76388
24081
41824
20206
85089
61615
19674
94030
24284
47583
82818
24870
8355
60119
17018
61236
36061
53705
84025
82383
58978
98815
90317
19852
51322
75123
57801
74023
41711
38045
75741
14960
78189
89359
9795
98925
14161
25993
38303
88008
85898
15226
26571
39350
46417
93208
77699
26637
32314
4994
58299
61010
96050
24400
19671
82234
63821
14050
16240
13114
80738
86870
41313
20152
5207
37703
44158
49514
13045
23428
74903
23226
62140
10006
43750
82224
86068
7545
58007
51598
33174
28812
81710
30903
56482
25727
57300
42096
73685
30481
37118
60811
8554
86645
71053
14329
29992
45306
19091
9887
29003
56038
5761
78736
22237
67119
1595
33796
98237
15009
67780
23359
78888
32904
21531
53965
42079
97414
76376
87355
51564
7781
85396
82426
39739
21584
67153
94413
93897
89970
44147
59031
9020
8125
51127
5230
24078
94582
8659
45552
58507
38492
92639
62587
4328
14304
97989
92864
30936
39725
92197
31759
69321
47340
98410
24911
38336
79611
38722
46157
57002
20018
16043
81605
65228
83326
83900
24623
37194
1635
48498
72234
36704
19348
2020
66422
27849
26319
34605
8002
94752
19767
42815
66395
55165
91290
80911
97007
55998
79569
14257
73349
14408
97369
7569
70237
54663
83060
14423
82202
92790
82915
64475
42075
91705
52279
39175
95979
45718
67234
2351
78914
32160
85148
23857
98238
67974
94335
61897
37942
37405
31630
63007
46322
82738
16564
23831
70240
87103
36131
94740
87846
44266
2839
71959
95625
25488
86218
5696
65921
45462
47386
98106
63573
83125
15073
70581
11500
56964
22430
78173
98193
81730
76870
11705
16530
21560
3768
63002
42660
20473
38406
53264
84399
57518
38028
65305
67622
54799
64763
69386
327
61610
13385
30550
94872
31429
21358
5132
11675
57743
52186
85188
15522
95284
30348
53218
56465
36542
95097
24294
79684
1321
80893
48163
17396
2108
80041
9325
58790
92963
80061
43088
80541
6679
7668
46137
36926
39589
54444
80763
70367
20551
62726
23996
24622
71618
4503
47854
11983
77322
43622
18485
11321
55178
77581
21130
92391
3991
4908
2448
20380
29807
65986
61127
4853
58477
41213
70916
35561
6217
88339
20898
89928
97217
60340
25677
15599
2356
64827
94139
50836
87014
91611
79659
59548
47628
18500
80491
8966
38405
40075
85257
35367
35617
63126
48011
93738
29538
94966
1197
35026
4649
82650
33899
54967
60291
42968
40515
33226
51123
75769
90325
22117
40053
49393
35482
4835
98003
37794
84044
11148
64134
42663
34258
16954
30633
19881
18646
15626
73502
96949
30505
48868
26038
56390
88866
65930
51247
5046
88456
48576
12616
52528
83862
23025
84962
44860
49498
7270
50679
62862
84728
14495
99581
12642
28732
3362
93785
88839
12033
76136
1808
85256
75956
31621
69580
67241
27902
68528
34856
39426
29610
36162
47078
16477
76459
16677
87102
40425
45346
32672
33512
87141
55322
82867
64709
21878
46567
8143
2100
24498
53998
77231
4643
22276
92586
70014
68333
65517
33007
53407
68885
11891
86836
96233
87735
7148
47479
14707
86270
40406
79683
81100
81091
45463
199
48149
41041
34261
78586
37277
75931
33950
50295
61830
77198
42523
88435
3944
94195
64558
11999
45606
80633
59555
31329
23397
74734
43116
34618
77726
14543
92832
87858
56280
60786
76031
28762
18566
84868
76575
3427
86093
90569
60399
39510
28455
33631
83485
51327
54841
50618
15138
20381
18109
20642
564
30753
28006
43250
90360
96866
89067
95742
11678
79698
55708
78782
62033
18594
43372
44119
11355
31169
15801
79305
82308
73226
57842
44616
51316
37953
34442
5855
1114
42262
58384
93033
96596
56933
64194
34938
18726
40385
25802
63423
67072
62188
61573
69985
54170
41284
30770
28320
9535
7144
58391
96267
95264
9406
5416
89699
76252
82247
79335
20772
80246
16265
84661
21341
41407
5408
75203
53161
14534
55171
61774
91887
27389
41238
85993
93743
46570
40274
15984
19535
2350
27616
75177
11807
45106
46271
26831
11590
10073
70812
48091
17033
57706
42643
10643
66857
13122
66630
19725
69916
43454
30811
67764
6875
74707
11262
15637
55933
8693
30237
54199
44695
13606
28352
16669
76492
7956
2864
96425
75688
20558
84021
56434
58671
61916
41531
68797
6500
80375
55343
20836
25783
814
83492
28532
90269
78747
16306
76033
38257
49900
1421
38626
48827
65705
66396
91637
99632
22894
65007
96443
14675
92663
5450
12396
62395
55814
55271
50259
46314
71823
58425
12757
30352
94595
11687
96809
74493
67176
46120
13398
40993
79201
86344
73188
77099
94026
1374
82808
47376
96162
72794
51504
53495
49020
22667
83043
64593
15008
26892
83965
66968
73880
49610
71598
1219
83861
59371
13852
61162
43661
7762
12888
60018
25396
95825
69377
71807
78361
35787
94289
72836
20893
51505
22548
27833
93257
82211
75917
92690
19276
15373
59960
35496
42607
45172
148
11086
42827
18718
4808
63067
27394
78137
68509
78772
26614
68700
37119
5785
99489
54874
84184
43594
83643
28832
78251
29758
9139
44734
69777
64994
46520
58774
50142
65278
73023
37448
99566
27545
37057
67707
35031
95804
32392
15184
12425
66082
42582
75943
97029
13528
30089
47982
72077
28531
11916
22302
65356
34887
16403
96131
3513
82603
80439
92570
91420
73546
98855
94962
46174
52180
81185
50152
54254
59479
45943
5624
47264
23667
92666
66332
35490
64007
48978
76282
96211
71200
30541
78027
36425
25052
61402
83229
70710
39144
52266
36947
87109
24280
7016
54573
36462
8685
51442
19070
19689
75713
73665
3299
89050
35541
28872
95514
61110
11232
68285
23388
31904
58200
55612
33727
40430
84548
69520
91585
74749
54431
80481
51874
46974
21340
95099
25892
30504
59057
44258
73591
4256
69557
90041
96958
58291
54090
10045
56129
35274
94326
36502
23151
50617
46203
19041
62759
68228
16531
69860
9414
6839
81031
50675
40534
80929
97465
55605
12284
89296
51043
39530
67524
22636
12462
53156
50501
69164
94961
8194
39707
52656
97096
7317
39661
91984
13412
64774
80856
15343
97774
92360
33193
75175
51576
5716
9687
38612
52824
52408
6501
70909
83981
17673
38898
58189
67311
40362
65143
68309
543
29524
87516
20471
3156
42436
38548
83895
82760
92448
41765
78073
67352
48739
73679
90666
45069
50285
92157
28963
96407
57585
55286
15186
63457
3420
23357
59621
58883
63926
84055
29125
66451
1671
34383
86251
40273
86408
757
74525
80250
88563
3123
8804
30596
45622
28491
33404
93792
47029
27589
92078
68112
54862
89228
37925
95371
12051
15768
22072
82767
79124
53237
48174
82711
38551
69103
54074
14578
2856
21576
66980
61988
69512
42276
2445
72287
60250
9475
32807
46052
49636
62344
95015
53891
36528
93446
78342
4202
53671
48742
1377
12262
10880
22809
8712
58363
90983
62
65655
89877
87389
95769
39261
68950
87825
8851
11718
4026
57640
99637
73458
27160
6260
38977
44876
58717
90223
58259
52489
44490
99118
31486
27815
31080
68525
21673
2888
87438
17957
5274
82814
91594
19774
80525
8240
47377
15477
18462
35819
1053
22926
46425
29146
64997
47219
80880
94995
30037
58442
74326
70795
86943
35456
74927
38981
88019
46108
74322
46923
27161
73336
19246
26006
95349
77950
54806
63629
85195
91858
99881
68097
69507
10076
45905
39191
83412
43911
63042
13294
74222
2790
26297
43761
97284
48860
84313
56539
50104
99970
14204
2895
52583
67093
64851
49479
75714
21078
54184
51934
8225
24737
32418
70629
16019
24805
88655
79537
84165
49978
52816
74610
11644
25567
62351
98026
52155
62154
52084
56590
13618
25657
68759
66510
38647
33254
5328
83181
91150
9852
17414
9142
87456
35885
81790
60427
49321
83071
16130
98491
74789
32302
2955
56612
70509
69713
86191
10704
92558
42836
18213
68273
79113
46703
37188
96181
81783
97243
9816
83241
89556
51041
96724
23153
81802
39303
53492
99887
98500
93623
88331
33282
95004
93026
68811
62813
95761
23017
77509
12773
53511
91697
75152
92528
41613
77461
2635
40310
75310
45097
42419
53878
99585
99687
87616
72800
39694
99218
17013
30857
6417
68895
57061
52089
94372
71550
55620
82862
67443
60876
40562
18950
15614
71783
96467
44559
65304
21027
22702
22047
58201
75427
2531
42351
29371
94393
47772
94874
64834
55929
39809
8426
50774
79039
15392
31318
11415
36994
91934
2319
20304
42349
75256
35289
7090
96615
1550
13664
32615
55894
26104
44227
82493
3833
20459
63063
36408
79071
84540
32865
87977
91027
84629
59589
27569
51707
76258
36225
10706
81155
69572
45810
2908
97879
9581
35889
79632
18775
16458
70874
96095
4418
82304
52457
36929
95739
26357
38651
30362
79707
46768
20709
43349
53374
83650
79739
54087
50060
59438
7094
1251
30053
51361
20124
46430
23564
19869
27802
40922
30724
78452
72754
41059
68190
38417
50964
57282
70304
26948
83737
86132
96952
77760
19593
83777
19385
86364
8193
84339
46890
20012
95435
97703
55701
37861
72273
46504
30230
95597
18515
4813
95809
37084
33117
63427
18158
88032
7912
41778
2148
73162
56349
81432
74330
4517
64092
88624
64751
5620
39747
25071
26181
49223
39706
37707
3376
62867
80948
73607
20775
72674
75210
49111
76153
45269
75410
29473
25269
97905
62143
88118
27306
96288
42008
76236
35768
22283
60701
18534
8391
87596
62111
67469
51108
34424
17278
67588
80071
66220
66247
23317
29715
73489
775
58103
71861
85543
19319
97827
96501
79711
27933
39094
80260
6984
6821
17427
46667
89465
49362
10931
87552
5530
31876
25189
57547
63463
62756
530
70455
67841
90945
54699
66321
10882
71581
86448
67729
1694
73466
51344
99939
94388
65992
48104
10806
42669
55947
95235
80184
49085
32065
8752
77934
53859
87530
46165
16802
85153
37353
30826
90105
41663
70171
97961
33255
43179
19537
31717
31164
93754
6786
495
86903
54914
77958
57957
668
61944
52297
61940
61967
51426
35208
87090
77432
16282
53122
78261
98286
94190
80825
23206
37379
13015
48467
163
46261
1785
73267
83701
89183
80209
1783
56124
2383
38550
60746
18579
2863
76655
94411
25549
72764
64143
26285
42450
1734
79302
46080
69542
95460
31852
60561
25277
72826
74813
50307
66344
36791
21278
84614
93813
34216
17747
8703
81881
27522
71277
85328
58482
48613
5721
98733
71083
23172
9080
34493
85614
73585
20028
41548
32745
29048
7737
95424
33859
62979
73148
59796
590
70339
95428
40584
65193
15724
48486
56758
15228
71592
91537
40778
99922
74294
16529
14388
30059
69256
40468
81864
60759
78122
18834
59020
53800
12325
60470
26228
7181
31401
49684
23432
96279
86573
87071
84848
50364
12504
63687
17594
17096
6402
29286
18766
28818
49840
1476
36029
87347
62588
53129
96742
62191
7030
971
76773
97662
58747
8354
74899
12786
12082
62370
79161
7216
59923
91982
17279
134
94821
26956
94200
3964
56285
20019
47537
62250
54632
81470
97803
41452
72745
87704
33098
68848
5810
54405
31748
33668
32791
29463
25553
94842
36927
6553
34891
23866
39183
88211
88819
81627
28496
80160
8486
63453
21985
57590
14218
12246
19232
88092
55150
98949
12849
63756
30631
33628
96930
60357
11802
37320
28918
14319
90264
63933
98283
74434
84111
15881
38485
98916
20808
4353
88266
93540
50257
64418
36163
15096
36004
14322
50141
99436
53377
66863
84232
7457
11359
63844
76467
1330
29158
56796
31896
74550
41374
97670
96877
58841
68389
79172
20415
39331
8872
29201
6223
31947
9057
7361
65996
86639
58885
95918
37996
68238
13911
88302
46873
92850
91900
76487
37130
58169
91337
3908
51743
41512
77884
76451
71233
93449
85635
99704
83164
51833
29739
30856
91470
76788
64732
60327
31931
30129
96576
46693
85400
42125
87650
7555
4236
93161
57141
31735
14156
2393
56007
13293
93439
2018
14047
59872
35012
57109
8398
12706
99077
28265
63214
46381
45360
16350
30960
19895
2198
62661
35936
18899
16788
56213
37096
98067
40885
70175
93124
50170
99445
60219
27455
29921
96026
7481
31180
43169
14017
10529
13187
35505
71556
21292
24143
54792
15464
77959
95969
88828
33145
77916
18251
56457
7694
28040
39229
26024
93834
37869
16475
23229
66313
45902
84795
92868
89884
23076
95903
41636
4792
76832
46127
83111
50195
60742
2589
70080
70968
63794
10051
16699
89922
32954
46759
24615
43043
49302
65328
62753
39123
26275
98780
11363
97162
81940
98767
91273
84569
6639
16601
58307
4995
11082
79630
53481
55202
63124
41412
63581
86926
60516
59720
76022
69208
2367
80604
13648
9419
85337
7153
4097
56073
75621
2528
49706
71108
76235
6761
14781
98600
21350
55397
67010
74385
60935
10109
39751
13793
74914
89943
84141
33396
78922
83004
79395
22640
79125
96775
7953
79294
33040
32943
32883
24339
44316
82173
389
49468
29536
2235
47851
63650
71450
58613
45899
23248
50148
90266
39249
91808
5809
4898
38172
35295
34102
76206
75765
55681
83803
62737
92350
58438
10326
31910
16807
61803
90871
5403
40108
5373
61578
4730
17532
94625
88222
64332
96051
70918
51178
27712
63379
21497
48375
22127
7925
72442
68731
82181
57643
53461
8212
33209
90712
89325
97403
60954
22422
20441
49503
92356
35335
51526
4360
18979
18328
62755
26962
62139
71226
27960
2023
81093
82332
22497
88367
27401
86239
47169
72443
98451
44567
43244
23436
66156
43301
6677
18119
572
32779
80054
16662
15861
63425
97484
43049
65884
58346
8561
58309
38542
44796
44219
85815
81177
91661
10420
86615
7928
42432
47472
38256
66909
82924
6749
7570
12495
79618
58858
31201
7480
71523
18931
96029
91760
35789
12494
75281
35160
43811
46789
36245
99068
14535
6550
3549
48141
77911
76210
73986
65590
42080
15389
88706
73249
33348
85310
97741
29870
9814
37526
42741
75107
55175
40902
9521
65130
55276
47883
54520
42203
50692
58469
44072
12236
69857
21588
57646
8607
35557
28936
32598
16158
60331
17837
6963
38975
64346
15774
17390
59764
47478
53550
28240
36800
91067
68852
25699
59451
56872
32677
46217
31593
61722
61576
70937
60850
91490
7753
20291
49630
65455
77902
95760
11859
3007
59489
84222
22304
80037
63614
39549
2483
2089
91405
89639
37643
65913
7987
63597
6944
94701
1428
15445
73698
69834
84110
41346
14422
66195
49726
40266
54065
50460
82397
5798
86730
34588
64295
93640
25360
77928
76601
62557
3771
21355
58288
2316
95135
18915
93493
16939
64519
51488
85579
60192
67930
99010
86303
87463
33514
46760
11320
44027
54000
82964
57592
54144
90127
31583
77695
52140
54156
68250
55040
77595
77876
29984
65819
30562
17128
33803
11843
16724
41234
67794
85350
15180
29600
66149
82618
22085
3729
63435
67156
82597
83406
3863
89308
12370
61356
19775
59674
52150
50619
32980
68856
27799
12902
9859
89788
74149
26885
8637
9034
37928
393
14972
83359
94078
11469
72775
6953
23205
32945
64700
62485
54246
26931
95479
4862
87328
62992
62906
75700
34086
91648
33234
68406
77024
65613
45940
75154
93851
81501
56502
52388
64203
7864
25920
72937
35445
69943
79734
72999
15854
24915
97090
77323
7207
85694
57948
93107
47541
45267
12745
20247
67055
74531
53307
1222
59530
65329
82109
10443
4123
71035
28464
99336
56989
28354
30635
62978
65202
10708
61223
42634
7089
75258
99510
66967
73143
84364
41816
47556
77733
78753
31151
14647
66479
56074
44116
75100
88221
18470
50499
97275
46338
18110
39335
1108
4247
8151
74227
89348
21776
76343
91123
36730
30575
76393
18671
43936
40240
69294
27062
94925
67088
75724
527
57028
53337
75759
98246
21123
3080
27732
49291
83366
16128
43611
65119
86061
75911
29042
21146
30507
33185
67843
55496
73503
55245
81521
67678
54863
81763
98580
90570
9720
89158
98709
64761
99044
96674
79005
3287
72103
66851
14179
2439
55724
12126
93886
60519
46254
3766
3219
21877
51197
16568
77207
59365
1309
67343
93394
54582
32905
69190
6478
13983
61410
68884
89745
79199
84335
85545
13269
89711
2479
59059
20835
92731
45188
3126
84681
74797
32066
64317
25529
56511
99892
11599
39888
49268
92606
51771
47991
27841
72899
54151
61420
41275
34623
65137
16821
91759
89992
76581
71125
60175
45466
4501
93572
69610
33399
81696
15339
76715
94809
78662
12583
22279
84523
32246
85706
31757
30224
72250
74802
74245
3237
83431
10533
8778
18238
59108
42144
65909
32559
66288
56996
77922
7584
68494
13055
22647
86718
57221
31983
33636
7195
49598
39562
22705
80829
69060
59223
62954
80564
41667
68342
59644
89857
94805
33330
67997
28189
17177
39091
941
40241
58003
29688
79105
500
23846
85535
35063
72682
19652
99090
74020
12906
5930
77385
24864
91876
60257
30830
71720
35675
6853
81966
6116
70541
31481
17355
33134
78670
30880
14313
21658
32146
59192
11281
92644
61310
7208
41061
21072
98232
75600
69338
79827
63953
41378
22184
19408
36313
94475
7992
45554
28498
62147
60557
2943
36174
3965
49743
85357
53060
70454
16651
26682
36154
3055
70225
82986
21935
22684
13953
2035
73539
25954
37495
16102
67756
15306
5153
1258
86953
18721
70201
59053
6914
44502
47620
29079
44062
68323
92154
44848
72011
45934
321
18544
67204
18326
2603
76053
72695
27287
37296
33490
30194
9090
90282
62058
93557
17709
45687
96112
71537
39051
55107
55573
98814
37903
11246
58706
18096
538
35588
29083
56250
20071
73832
38683
36125
34817
79542
78009
32378
8055
94825
1700
20761
23724
6160
86865
44685
43898
60475
59662
9883
15866
97973
38019
66168
75120
47261
8782
42113
92221
67273
26423
46526
23804
51539
26517
75760
97013
72634
77787
44371
73217
98245
84289
95877
22852
93637
76705
43906
29376
15398
91408
5700
77054
74237
27762
97395
51853
85495
14870
74918
72171
40136
51064
76969
32177
76315
86057
48851
61632
47445
3592
45829
90954
49233
81731
28951
25477
97154
20785
33395
4942
46968
26555
49336
50572
70858
62419
37513
87774
17167
7629
83776
81056
62040
68944
60324
96006
26414
74974
40389
39601
18580
15706
28595
32230
57128
66290
46095
86803
69686
86770
72192
82195
9260
1471
71904
82788
94987
86072
90488
17412
8025
95046
59274
43027
49305
35224
50750
5063
23435
2874
85040
34279
38660
68194
98343
21054
90686
88930
66070
80052
71758
24021
37063
64930
5582
3033
27722
45177
19901
78515
59095
68659
40022
36845
95268
26149
77166
14931
12032
85043
11833
49131
97696
26845
98713
72332
28022
96688
94853
65475
51042
494
88280
85064
80414
1909
98128
78504
91088
24163
9390
6036
74638
31056
35540
77364
85986
17499
54083
97501
92227
10703
38708
99573
97936
67007
39011
98405
39536
49570
21329
17504
21582
38449
938
73932
48203
40662
89131
71747
41829
92200
11268
68147
63158
28509
7630
71030
39632
38365
53683
39073
55416
91159
97579
62493
77870
13473
1703
5101
47233
30668
61047
83674
17479
32233
29904
77553
53087
81694
80881
45881
16516
2516
93998
69891
10827
65116
26198
93724
40307
48837
38482
6650
47251
7574
40800
93668
97454
19270
97146
40442
42594
7024
79475
81865
53538
31335
54685
12507
90111
59413
40622
85554
45109
15619
60776
57196
44660
77644
84062
34666
27879
78601
22303
68117
88683
34075
61616
11758
56503
36880
49460
30954
20796
77405
81522
34900
73994
40185
23821
21818
41270
2702
30428
1066
73543
78395
52983
91992
76176
4055
72885
72462
95965
24093
3014
77199
19183
48959
82146
94168
47776
56822
49292
48144
6344
65087
77382
78268
78699
63905
67138
46971
34853
67710
46718
14023
60304
25928
32131
1399
71527
9993
36363
29439
63529
70979
45791
47331
96840
76462
92557
91818
39076
59526
73873
54982
87778
65490
87586
56607
61587
62016
87930
97250
94050
81122
67738
36467
23378
4572
1730
42975
87676
59267
22984
66758
33734
27417
87441
62377
62861
42318
52357
66205
37149
4286
54049
40410
49535
87353
10500
75567
77368
8678
85903
23078
73761
1919
27305
97991
36387
83058
38820
72646
33543
72933
90388
96388
6385
52181
88739
55761
57278
17547
53080
41908
98090
57716
8402
84836
73280
16118
38232
87465
27571
70021
92365
64466
94566
19015
53960
433
20423
67801
10337
47958
1160
57389
60210
71052
18256
6878
26199
33390
9823
48858
82533
50296
55084
17452
45817
14152
79629
51589
47017
86154
87485
48877
27194
34940
95972
4611
74892
6327
69204
37315
65210
59669
26435
66726
69383
23074
13671
64927
85721
92804
74696
43641
78052
44403
25284
76336
40174
20117
66307
31502
23723
92502
50784
55643
96053
69436
47243
91262
53258
96578
5521
48524
36687
83583
4782
72575
36967
30609
52355
51679
38287
80904
85142
37349
35444
72454
13657
26668
8316
17315
91297
80727
16028
96612
49158
84343
34901
31042
54492
34133
56542
36265
10986
84454
19191
79096
34744
57927
47030
8124
59388
84659
35265
75351
38291
84660
96202
99137
82917
64766
1709
92853
69951
49325
74752
92028
65324
8574
60494
39695
36635
18172
37738
98913
53069
19794
11167
5600
89579
83383
68233
12753
75960
79465
12045
18789
22176
23715
38518
27511
8635
84621
66573
95439
29120
56721
20434
404
38972
58042
13409
21029
1350
99958
52817
63338
29995
94861
69663
79868
55613
40869
36305
83943
63700
53073
77277
20454
46670
54375
37905
55782
40985
29142
28096
93397
80249
49018
7847
16619
86624
52679
95381
91056
64842
79486
38007
46073
48652
41482
57422
39209
41961
909
37530
57843
97042
10745
35388
41211
20896
76117
84120
33058
64607
19683
9204
88650
13768
29258
24908
44488
48168
10857
65014
88708
4222
44195
11243
18849
63957
51780
59984
825
74402
40632
70145
80050
32255
27423
60890
78722
54668
82786
13333
97930
57741
32301
77778
17814
24206
59509
86139
98652
81894
12450
21914
25506
53565
53769
66783
4677
62456
75001
2352
43380
25227
82445
25628
50624
92816
57928
78816
225
88955
29372
76247
54129
34576
62959
33083
66671
76521
4462
45284
68872
84553
19499
92287
28309
18987
12451
19651
33325
34908
44189
19874
42288
46298
67535
4513
61717
76720
64128
9075
3159
9834
3373
34333
28650
12218
13891
4381
80416
448
39674
48209
55028
67043
96421
23825
62297
60026
70841
63096
98098
47950
91135
35152
60756
89671
7474
49304
68794
6767
98339
41373
96540
61871
29326
15134
62900
66163
39032
48733
60988
20982
80113
18565
76089
97610
75367
53119
24886
1401
98076
88887
1824
8534
33551
31892
88721
80376
23145
52610
78031
88227
20960
58696
10938
74855
76531
92474
46817
74640
547
23101
49906
7575
10516
18012
50945
82292
79
58150
91845
2049
61293
86564
86369
90857
76249
48622
13502
34787
97205
57754
68373
22347
29645
50508
53996
74612
85224
27393
20056
94391
11593
6339
82382
63241
69251
60321
20318
87932
94097
16296
58699
5732
94551
98366
61333
3233
10495
69769
87789
79655
58104
34026
89782
1041
40379
83081
33777
17179
4671
53576
1182
18402
9778
8076
54029
32810
48166
91771
6837
53756
20956
43639
6733
77731
65627
49365
79988
52984
50432
72708
63170
3753
88318
75547
64561
96806
5024
12487
46642
92521
49955
65173
55440
26231
93083
30798
97135
45605
30687
186
79937
13897
79214
16015
89488
55609
41386
81289
46804
36293
95952
5984
82143
55295
92328
6157
57169
9293
56622
48633
31859
19231
44133
93241
74563
37202
99578
31228
37599
31031
51758
82939
20511
52469
11674
23567
85524
94437
32529
84417
52647
29994
44191
19148
42421
85771
9007
84389
54507
90184
37434
54598
79370
31749
90644
70462
83963
9427
7205
33912
99451
1699
65492
51885
64097
70196
14939
19405
64758
49971
10479
30042
84182
32498
51410
5249
42418
76347
47572
61520
48280
74499
2655
67490
76702
334
95026
56813
26726
32268
56101
99889
17047
47953
32364
6244
44977
78405
21242
43434
1666
29850
85949
2625
21875
28903
11403
40807
92721
61808
27205
61299
56890
2159
39617
52130
90308
22196
86577
50559
95881
1083
84613
46097
1319
2535
4546
50311
33761
5261
88555
15666
45189
74669
40798
56128
9950
37298
944
17646
84425
3903
24423
81866
90294
88858
10821
47571
45764
92095
74518
83765
78500
59909
7006
21010
82610
47170
99675
52339
12365
72755
95203
99688
59830
22467
17076
85515
27301
91120
46973
75680
35537
21860
44113
78115
86580
94285
78438
92455
52159
24274
25163
96124
86481
93114
70456
8970
28955
10892
16268
5238
43048
27217
53590
73973
64819
32189
25848
42114
96
7945
25197
1461
1012
25268
95623
80837
66900
14753
53861
72309
40618
73906
607
97063
90434
6788
71489
31380
1191
44644
53890
1874
91830
4336
76334
15559
24751
56263
74395
45775
36708
19991
54301
38418
46908
96656
23697
68464
55640
26673
48422
50099
22695
92482
76008
92766
31249
73570
41534
37338
77098
15249
18255
22513
3157
8474
36541
9709
40482
45031
39156
74792
16841
88744
6007
77687
41051
14386
71545
68497
34221
20208
70172
53779
11248
78530
48384
54672
36435
84797
82259
83265
83143
20913
53583
13914
88969
60765
96390
45498
88425
6688
21092
45849
80303
17348
30557
48932
92530
37986
49381
38778
27410
11760
15855
85693
82556
83025
32049
2466
80900
110
80332
31273
27999
77442
58234
32288
37249
97281
81394
90016
69811
89439
79122
14118
9512
27270
97925
70348
48569
86638
78654
53676
10570
53288
9454
4042
25000
71239
59516
62875
62303
91441
42910
82579
15321
74106
91195
80045
31476
7835
35606
80922
83993
74200
15959
41993
66544
20546
98647
51404
86984
73207
23649
17042
71147
3436
29516
63881
23531
99109
46532
93824
62137
80024
32689
18733
73193
11043
29218
34145
89272
34485
98192
66652
77893
29704
11353
71078
45124
19145
94141
9924
73728
34177
23810
39097
52917
42352
83909
74877
20691
29095
87861
93734
53541
42325
45783
27679
65326
77710
14334
97529
23404
27229
88040
48766
96903
80268
64114
32938
78702
30333
64184
20363
80371
65593
74317
97319
10339
83556
87083
86195
84314
36514
79293
93677
83592
38056
65895
9312
746
67
96795
63734
45084
71577
84082
13727
57151
29073
98234
96100
43051
16549
14120
44763
61258
43362
24648
6171
96287
3701
15405
34159
97982
14235
42602
89894
24625
32724
42917
46631
88513
73378
37014
75546
27115
21397
47663
58554
43438
87454
51210
60926
42311
30761
71667
91653
83503
86558
68056
72733
94719
60602
1901
14212
49014
6671
25430
17170
58145
51050
14896
44419
36101
78128
83281
9372
6921
65543
18417
17631
60295
31459
49339
5251
69115
56787
90229
5218
39245
31752
85167
34807
96916
88802
55698
20520
37592
85618
24397
25609
18657
98601
12053
92230
20795
66530
36867
14461
17391
29604
7790
17963
68415
58010
28010
13621
92672
56252
9298
16729
62697
69157
26879
78011
15847
86727
28003
41705
87378
6576
76219
12253
59119
5926
36130
87053
58560
25261
93783
64486
24980
92505
99307
26394
88649
28659
6912
41959
64591
64170
75462
77451
28185
498
456
18792
83907
41069
72495
15132
98361
35134
75937
32725
56525
51914
62484
38297
91857
88066
76670
88291
31152
83686
70191
96638
56491
75397
94541
77999
6744
8933
19316
62965
72222
22786
56172
53586
9717
55844
12319
35670
55360
89761
69515
33033
87838
15278
94606
11432
15090
73272
2997
3028
84344
78783
58144
75225
69773
29657
92310
57591
38423
38348
43656
19342
67404
34464
47650
94420
84307
36228
45236
99933
65510
7110
94967
94900
51236
81769
19488
91530
28196
8812
82718
32194
3626
64570
58918
8114
3071
5852
89824
20619
94681
83201
48130
3228
85170
19782
45238
36100
73639
87439
86213
2212
43137
45604
16409
39655
75412
66801
85081
29315
50779
83512
3301
61212
95712
95659
50206
7702
98591
72012
38259
33897
80380
21386
80118
62968
87713
9862
67689
83280
13551
73500
65120
17010
42200
39380
50923
96153
20280
72395
37279
3765
2549
46620
1686
65848
74093
94047
53652
6403
71358
76222
99215
13295
55542
64411
54069
27626
15943
92641
73959
64432
46613
99045
62283
44916
61209
88770
38619
64821
9255
83
1553
11584
31851
30285
94875
34769
85783
1794
8149
58264
53605
9487
42501
64915
11209
36316
76284
22882
26490
18419
2797
77957
14663
54580
76668
10885
3087
86632
82429
74277
61905
60946
42746
60547
68543
435
61528
97177
21766
12760
47849
16370
84602
71158
35185
24544
8827
58376
76735
76666
68432
55770
81827
87682
13276
13738
41018
40440
5640
92266
57038
37927
91502
41479
19225
66552
11605
67620
1543
34076
17997
56985
76594
93121
24328
3801
12546
69588
48795
73447
24856
58753
16181
15661
79047
33442
63307
98134
78466
29615
44401
66556
86179
33305
8318
12295
70715
46264
80577
4781
90907
36167
3433
66861
68395
63408
54113
43890
99050
58458
67070
73149
30655
28928
67002
10988
80102
87457
20628
73093
45582
49123
57060
53595
5193
45040
21096
24387
4887
74586
1453
28047
56706
743
64823
39896
34046
21737
87827
23694
45274
83692
18653
58460
57053
82627
12496
27207
74467
28718
32068
68090
5205
60601
26034
39348
47555
61423
87010
92379
91624
60171
67358
26927
19891
93054
62027
59014
53389
56944
77182
98911
85293
31489
75670
92064
80769
49035
37949
62030
53005
79703
15335
30084
45257
89848
80622
21234
31774
74687
87536
62044
39135
74288
53229
65763
20998
3684
99002
96042
98872
55488
79099
29930
68862
1964
14052
20345
54545
37005
73042
95636
85055
80797
83708
54683
94538
555
29087
59871
13951
83942
31524
7685
98252
81699
50318
69099
80155
4203
22903
9251
1036
8306
5345
74733
625
19533
35246
4077
59377
27459
44307
99955
24312
35909
90303
7792
87767
75957
13715
8954
35673
42700
21553
23163
20769
87404
9597
38844
29844
57356
59264
23937
67629
69401
63987
73041
18589
63131
51928
13311
76029
25228
7460
13165
37796
37795
17333
57192
9547
76921
8973
15048
20603
77751
7823
21719
80
92959
59485
87816
35084
76908
79776
37197
41175
984
61337
94784
7092
10127
7291
43710
2924
95132
10330
54743
35972
1569
89839
86696
78516
53663
34408
37143
81691
8024
16974
64794
18757
92278
56029
79318
30291
99017
90721
66575
17675
55938
49865
98768
60903
5544
13328
16661
42994
19237
42972
41842
7647
88635
62109
15068
25807
68581
32698
81474
45230
18939
68724
93699
76828
23449
64824
7253
44389
90345
58353
74872
56199
57922
94944
31407
17629
43066
48767
82787
35080
69378
46387
63525
71119
50900
83597
14608
69158
41566
12956
82922
89565
20844
63996
29139
48279
17263
98005
32467
69247
95499
43972
38161
85364
69681
20250
13170
33292
14601
57264
13023
29589
93483
47408
56228
50843
97078
78618
78317
38500
56972
65233
82297
65829
71293
94389
24769
52632
3085
73384
63368
75062
54689
29030
8815
47716
69887
63376
35685
96022
98439
77026
21026
56734
17552
2808
39734
41266
39374
60
66255
38586
8358
67935
77329
96752
17372
95157
37772
28657
62053
98939
96812
13381
95048
84009
23916
22989
11789
15856
84986
23808
17719
91497
72657
58049
76498
3136
14512
77819
88083
60818
53588
63751
81224
41327
7163
58027
89539
30739
1768
15952
70669
77624
97941
76944
90110
74086
89004
32142
85500
58985
16951
51745
35503
8700
41826
92830
29164
42199
63454
36875
70259
81355
76973
47397
51454
54715
56438
95335
22067
11863
95171
3844
35299
73144
69458
72144
39471
105
31117
32469
85660
32347
14667
9923
93111
30382
59260
29027
9009
14324
15947
45034
40551
58542
57243
46275
99870
81847
59481
43749
27652
65785
44534
61854
93459
88879
79507
98981
27882
4075
68602
73750
77658
61022
77437
69393
55878
22166
95647
15591
42133
86091
94334
9070
60057
65660
21586
92372
22327
18463
34242
98324
41536
83049
52362
76898
44492
36051
72139
14316
73281
9874
7277
43751
60383
25467
95622
14034
51882
94520
89550
96906
93170
81204
23492
9556
28057
32657
53413
67420
86530
33720
20419
22920
92794
7839
68197
51180
38565
59989
11837
87695
28246
89027
61920
29356
36531
15525
20013
22543
76750
64510
40756
24278
88796
53294
44060
23779
57395
38209
43127
95128
10508
17226
54825
35167
87098
27860
6168
17656
69778
28074
95567
45956
25380
43720
69217
12851
69149
13782
26564
70098
46214
35150
23539
65128
18615
22433
71894
65152
24101
19543
86347
68860
82471
98116
22177
96431
50660
31537
42805
46374
14414
97419
17998
75565
77279
65092
1357
7660
62716
71045
26164
56938
67024
99037
97804
79147
89630
99924
6925
7634
94862
24062
10486
53135
25347
22856
4043
79795
43225
71755
29088
83663
93374
12549
86950
33423
11757
49145
18572
93396
93707
52096
64750
83879
48570
42212
48874
61361
95535
74873
25739
464
62006
59348
31870
23629
39405
63359
29881
63682
20778
38050
19171
46419
28229
37916
63986
16593
94337
50808
57047
16742
32858
13041
56493
90984
58723
33665
41126
71196
53758
82020
29928
7133
45223
87959
40994
36485
68198
95822
79048
44873
78999
10661
68510
54397
27736
47071
32129
85609
85177
68499
23511
52104
9400
49732
80457
18937
54701
10384
4434
46828
56788
52668
35312
33484
52166
82566
18408
37386
37713
21003
23139
85628
81463
73941
94545
39012
77264
44903
53028
87537
82061
30431
67455
33225
43207
74570
58676
39412
72783
91398
88534
55187
94953
98120
52586
13987
54964
15505
76641
30076
58160
2279
70685
49832
53363
63470
94199
84476
82982
22317
37165
43346
61084
95872
88213
58796
50732
39545
99170
98034
21359
70359
15332
31019
2606
25195
7506
87310
85424
7692
74580
59596
3799
7970
189
10762
27582
20266
78517
55637
55650
80766
49866
19968
35281
33093
61399
13742
59401
9831
39257
88695
92164
17413
8766
62988
4471
27293
233
75461
17761
92171
26462
23259
11713
26418
9381
79412
53970
67258
1115
16650
34161
59064
71082
65378
20543
58768
4109
93588
77790
66374
90152
58965
36737
28142
6751
81427
84267
52966
94671
77781
82568
95199
95641
62635
27048
70211
46039
23706
59390
93819
55070
27039
40262
20339
15448
55033
50615
10825
98716
97844
32092
49797
70532
74526
11870
56852
85509
22855
78470
40831
66126
19724
86472
85625
23642
69078
99769
70837
4567
99927
42191
75946
19379
99863
1915
52363
12811
73891
54263
17760
46808
50654
65741
7716
63830
28761
64646
20045
87901
96979
58310
60523
56636
62409
14664
67719
25177
83586
98032
93941
9285
66734
87822
89469
91704
65268
67368
67206
75506
40042
38118
89391
36075
68612
48618
28155
46549
44340
7087
14496
37074
89364
87554
71346
1772
10908
29434
53958
46444
15478
59206
58746
33047
14956
25996
83306
22571
82688
41420
47101
76644
53561
17805
82670
77740
47069
85207
44088
24718
16750
87012
64414
67474
52197
51979
58168
32166
58151
20868
5350
17731
60350
5739
95075
42338
93762
90170
73048
50216
60076
593
28551
33459
24056
65339
21336
39829
16956
25273
60241
96505
34465
44392
73599
19425
47782
70537
13585
44804
12554
73571
39083
50620
17253
69546
95552
51768
82656
66125
53449
40316
24868
5682
73629
379
79288
17495
89717
97752
67983
50734
32183
48021
66239
56360
44568
74303
66372
95674
90
7093
6590
32662
71926
42041
88519
21998
23143
43638
66730
19966
68422
39483
55890
55825
15948
28064
83649
93982
91261
57533
9121
84497
76434
89603
91695
50384
59924
27858
31619
65158
59903
47565
3275
21246
58512
78712
39222
13553
96241
68654
23878
77287
73781
55776
9091
41110
18350
68773
72529
71396
44962
14650
37936
78855
44153
49540
21820
38142
89458
20729
78111
93858
8063
76827
54286
96591
73453
92847
65634
56855
81169
98484
74084
90967
81592
61006
23691
49835
27073
58986
57058
36677
47560
97494
52664
17036
95455
93539
28587
10483
5144
83012
59896
87898
30677
15496
63268
84927
8716
72354
51492
99756
18814
22892
18486
80348
60405
23421
3580
1954
86889
70575
47539
76533
71138
52215
66012
31797
78994
19878
51476
61932
7655
95493
60237
97110
51962
36904
55520
62844
17824
60889
86273
44783
7268
26806
18895
79599
66141
22703
32499
82295
40331
50670
60019
55073
31978
35216
43784
90385
25565
86866
47105
22657
86227
79276
59033
7241
32216
85136
19619
71932
57571
61199
61799
13310
19490
34854
56745
9306
86151
13489
92998
34518
8229
53267
12227
9042
52715
14290
93655
15194
30094
24869
66033
10842
36497
33163
8135
91103
12558
21539
88322
36355
52669
76540
84036
16402
16717
76633
41042
18228
30465
89535
73882
62547
50488
25500
83190
91078
31796
67307
11481
94890
18021
48488
92984
63950
2495
26628
32036
66531
29105
56831
46791
74458
70402
80754
4674
98310
4694
22219
56284
20455
11061
73215
21577
27920
30170
57366
32586
29080
55365
88765
90342
7064
3422
89598
96508
25483
34657
41299
52110
67074
7593
77034
24707
67664
81199
69255
21837
43091
13597
2389
51582
61266
68762
4460
56632
93227
83472
67836
61796
62886
28534
28629
51803
14873
72857
1563
41545
40567
50886
16809
78420
86495
76466
25379
31256
78514
90696
45151
44491
25275
78574
63517
87215
95921
82775
89811
86563
12791
12172
61801
47521
2033
7513
94855
23009
87009
83933
61360
95711
8723
15791
1073
42818
9192
13732
18827
88223
5836
30245
47020
71168
11685
57862
72998
84436
15046
30920
41563
36177
69185
55460
39754
28594
94819
93900
88493
96551
71377
29748
62982
76709
25522
72801
67277
86263
23437
53585
1480
20759
93233
19729
60134
69555
46980
1185
95878
657
99134
16193
20281
91172
13694
62443
76128
34057
57063
92539
49389
97832
61506
14517
24333
32849
49817
32286
53334
70074
17670
60678
41165
83182
84780
89760
19421
53670
69229
18301
10247
39585
96672
2610
96114
61535
28970
39034
81978
46405
70996
70708
14677
23460
47024
23211
11922
78705
99913
82080
2032
41462
84793
72300
29254
48093
86028
9773
36711
42785
16095
10849
64606
75550
90329
80386
68113
84342
59802
8430
89198
32495
7219
96250
90479
94760
22143
16797
53212
16398
1119
15196
82470
79579
1478
14945
16114
90468
70081
40775
70897
23094
10720
49435
8278
68859
4334
93287
66966
22351
6235
6619
62881
85612
39931
24504
47108
53071
34689
32039
81756
92535
69186
73389
11764
46624
4930
62320
90436
93432
22865
99539
9480
56625
18097
38443
46874
55925
41856
46302
20585
72900
14406
49178
97778
57709
61304
14127
61472
98311
94898
67141
84143
8631
86759
32435
62918
35911
21286
86396
17734
90377
99867
83775
9935
44546
24325
9703
63568
65988
63851
80759
51173
23795
5015
63473
28011
5759
84771
28775
88192
84127
63059
18303
42858
40421
22709
17636
3780
34513
20886
72751
47138
13211
57810
41653
80236
47510
3660
60755
85749
73900
89995
24166
59805
65080
77626
71743
10552
72587
30426
35107
47312
75005
34988
98634
49194
31967
57829
28075
5000
60596
51852
71888
40504
67064
54703
84838
37883
37521
70343
66714
31654
5814
50806
57165
44353
45437
48725
39977
57696
80089
62206
20262
96609
91434
95603
16918
44858
46259
59201
22103
23733
19686
31791
89709
24298
48907
98794
25356
21921
26919
18712
94081
2988
88974
31981
80607
28958
5792
953
22404
91192
99401
18384
92436
47161
45164
61500
86078
14922
64788
61891
26568
98440
26979
13685
71913
11861
51889
86952
98681
41618
74374
22277
54574
78320
9269
19886
63144
48503
90003
49583
16294
73861
82480
85821
54315
54016
36969
53808
10812
8759
92392
68108
50134
59228
75430
91039
82850
38071
3663
94376
81637
1085
57378
82729
70305
40995
93255
50821
3345
25077
55290
65688
81726
98096
82144
91517
64043
62486
84004
45119
58836
40129
5495
27433
34864
42251
71768
51753
27791
10316
81265
87675
31324
39409
87892
19947
71160
27224
87565
11854
31680
47719
93399
15185
25966
29857
85585
64629
42522
71885
9769
96191
41431
14374
57785
16012
69915
50181
60515
86874
66093
21615
85983
48940
56395
15710
56342
77543
20926
9274
22664
80064
10289
79355
64556
58749
51996
15871
95784
40753
2347
31781
14237
44204
81051
70293
76301
41294
47687
67483
83311
81863
91767
61077
40721
54629
80674
93303
95022
64213
39365
25280
19127
9228
51828
73311
74341
3931
39435
12271
26219
11551
87517
31528
81511
91565
85496
54873
37012
46272
9366
96799
55621
94895
87295
67552
83110
82457
37060
85347
6309
29628
62526
66958
38990
39300
62129
20929
67859
46638
94990
83576
40602
50090
60490
56888
39860
52449
96704
182
74790
78002
50942
31804
92948
66633
29143
43820
31469
3045
65353
70565
87417
95166
94592
63107
59148
67362
37120
77488
41070
91720
66046
79908
75548
96187
91983
14176
30329
43615
67643
27222
23489
72493
46937
35175
42256
61384
98459
52802
28535
40604
68929
75808
8254
15732
10020
27480
13698
57507
51513
88867
37818
89473
62955
79264
41785
49799
47625
81201
29520
16598
33152
21301
5059
93243
47008
63236
39262
76689
65724
97649
1811
79658
15205
90652
17351
79718
75871
20402
43379
94814
29252
78141
23867
12088
80520
71461
92454
42039
55831
14119
80745
54702
78285
86996
72445
13320
64218
64046
96462
85094
79581
32997
72487
59961
48331
99501
465
5097
3533
6080
8042
57275
72736
25534
91715
64679
74441
79063
97597
24145
26246
4653
56005
52791
54948
58537
66181
24435
94279
72020
21352
26603
14430
96002
8762
97458
31976
83874
46484
16464
16377
75877
60899
26710
55422
83344
59667
77219
67145
89649
19111
35019
51370
65019
66183
68302
40858
57735
73088
40880
79239
49341
68809
81107
38775
53548
57667
3278
73966
73270
69863
21040
86063
21727
33989
55783
8428
70859
10245
85330
92860
13183
14746
8809
68300
20466
50946
38688
70125
16149
49687
8991
29860
52232
10321
99130
21008
16644
4132
50369
44839
34550
22082
13393
70720
44637
99158
97279
83916
63037
100000
55880
71274
60562
13554
67101
61702
9047
66749
82690
17247
93426
65852
54354
79464
20183
45567
48138
50645
16509
63610
23965
86626
86062
34189
44601
72315
84493
57708
62679
54404
33901
53271
9817
6088
62941
45108
18714
5016
47054
80869
60624
87763
59029
70802
44787
7168
4388
25700
84101
73815
42483
95404
53688
46748
58701
50980
76991
49252
4627
68582
52194
79242
18055
15853
40194
33838
32687
60346
58874
4395
65264
67649
71899
75382
22199
69138
60688
71008
51785
65141
47291
42616
9562
58044
69285
10139
6015
68400
35267
28318
53714
60055
58272
89540
66030
48271
95029
56423
52292
96655
76402
5182
93793
58713
58246
89263
84481
88422
67553
57352
77093
92216
31530
872
6312
64117
88878
90850
31105
61108
39680
61034
94324
91910
55208
54334
16858
32283
61388
2361
61531
75625
67654
6630
40012
28736
42565
12116
25593
60106
91731
23851
11577
70090
73480
7518
81962
69222
59270
90164
95383
58032
48917
36761
38284
40376
94596
41573
20620
32013
10954
10091
83606
93781
13675
51040
50266
79361
16824
81752
79297
77872
43470
44104
78811
17025
10670
45331
32359
71785
33981
29825
14748
46720
21021
9912
25532
6645
32326
31856
28134
78322
75497
8995
55087
60252
3789
51987
45433
56583
4935
20228
21874
77636
63704
91283
7696
66853
99976
13227
26542
56412
76517
93503
43561
71490
5454
50208
25257
26220
22968
47426
2045
60182
96736
42541
60272
30922
94940
7520
4850
18723
35952
8982
8365
45464
3026
92293
44985
2299
84683
52937
97839
12247
61176
52401
58579
22927
80531
80606
36326
34832
77404
11515
747
83911
53906
34367
67389
70948
31346
92159
35037
76749
78607
33588
23096
7858
12493
35361
35173
8436
97056
52365
7297
1793
20066
11595
82253
68067
40128
49538
51724
98482
45094
39752
60625
92049
83946
4977
89328
29546
87985
83852
84354
29601
5637
22394
20462
13396
36446
80334
33318
92035
64476
26446
21802
14091
52039
16125
71637
26674
58803
17261
96218
77903
2145
25069
22150
61279
13457
59060
21823
92593
1565
41970
17652
88449
46140
79477
57375
47139
9098
9076
36781
92469
98568
52726
27138
88596
90709
38922
33428
61365
73774
55559
1817
25018
76373
26109
78611
92884
87303
35025
53523
29996
2153
26841
79407
82536
46226
57893
47587
20349
83782
23365
50278
66135
63855
90241
77689
66153
80737
12054
93848
26772
64647
6998
17159
75270
31647
75658
95735
13681
89363
35938
47322
29328
22694
82436
41744
79326
70813
90804
22520
58781
52047
90450
64950
43036
22065
86149
32080
44342
20401
80587
45528
88099
52153
8275
82621
3062
89073
64636
48462
61241
82866
39647
91509
42920
11034
17726
98190
10329
34646
30492
92982
86598
4459
83580
33625
40418
47155
51213
45383
46258
80654
18471
98556
46995
49198
42912
38701
4432
26315
37273
21517
28565
54489
93490
76959
95393
39454
53883
3942
92381
80034
89663
32429
75940
73478
26235
21758
37994
62957
54212
17087
50638
82508
84702
24152
98986
30383
67360
42810
33360
93156
14947
89679
90094
54730
1528
36008
44634
73540
66644
25351
8304
19151
78203
1345
83698
88614
16083
73922
83395
20534
98754
58927
15934
26383
92257
49170
56184
57197
20538
74825
17794
28030
39616
48923
87807
85603
47938
32123
83292
63845
76320
67190
88918
22457
82952
81275
73537
12938
49864
54482
78836
90100
51777
55703
91314
43875
32571
6378
17084
36780
2417
72082
50552
36330
99625
73785
59034
12912
2649
95018
84173
31409
8005
63088
31049
78161
40284
78560
73897
33415
18517
64276
98861
73289
63655
45139
90832
59224
92507
45022
77184
96487
63242
67915
67094
56452
82057
78815
33435
17619
36041
84078
93958
43252
26549
57761
88187
67850
26808
86222
82631
33119
21160
1735
98016
46404
4651
6724
26752
75196
60965
22265
76240
98341
94594
8495
52402
12484
91631
94732
94216
4960
43021
72765
35480
298
23740
44619
57050
54704
21136
62985
11626
18163
68329
29257
64615
94511
6446
7071
15609
12551
41920
34390
83053
11886
13182
95344
25446
56194
47311
56273
78008
30564
28865
28798
92870
43054
92764
44272
94000
43794
64365
97927
4127
6840
95721
74719
56595
17245
80806
33541
34835
42631
140
50322
64078
81882
22715
95447
47746
95156
74387
71541
13716
10398
96630
23291
55145
25030
82725
61763
29821
99223
33099
42218
39285
74870
40710
41145
23061
95236
73800
63971
75944
40460
97856
46433
84437
51028
26484
2536
24549
64635
63441
68089
93333
79420
48105
79148
67990
2493
52193
30674
7895
64508
12974
36888
95091
2360
39826
79689
37840
36292
30613
5072
9402
9344
11037
23134
33690
51052
59528
8892
46979
30916
79981
67575
89591
73165
47281
33437
51348
33247
19607
75481
92737
61346
6031
57454
13061
25313
39941
16713
95103
61416
29718
54256
42529
18918
17869
51382
39793
58130
31775
79754
54576
33031
82857
7785
71923
52607
99975
43176
45150
14465
82138
39738
93348
83623
35023
10686
51621
8031
71120
18027
26592
10619
12950
61476
70605
3843
67671
1339
62302
43973
36895
4548
62847
30474
34165
93343
44495
98604
78180
28777
297
11444
55090
35666
46454
76744
38179
83621
61521
97698
91047
21689
55882
21565
79495
32606
27699
48202
80019
37309
684
4488
76808
18423
27892
71990
71622
51986
95667
85008
66068
99100
66943
57848
82816
90862
65980
57022
42238
32892
64797
299
93896
32478
88005
1333
45861
44456
95983
14686
88593
71298
87406
65403
20966
81530
37325
35013
11274
42950
88387
90012
20644
7962
6387
77776
33206
57504
94453
97862
64235
80339
10826
87539
66773
60817
13559
86636
12668
58245
45219
54881
36738
1661
6137
96650
88599
16430
62858
4457
51503
16064
71734
10264
29477
72366
6894
77604
61189
86807
83450
21694
79357
39203
22503
85902
82237
35847
74568
301
60292
41508
46825
52059
85443
39356
59683
68027
60522
29817
56582
46422
95696
77617
68334
5411
49084
37582
32055
59418
18309
24513
47742
64278
41114
20855
75938
78576
69541
12009
11785
31078
55396
34888
38274
13018
17669
13193
7025
33614
42724
93187
14368
14087
28939
46598
5069
92935
94659
53762
58543
81049
1100
20241
72810
36854
235
99858
91019
69982
1352
4777
66651
94001
83357
29572
62903
46819
24797
5397
64848
97817
92916
27555
5688
49258
83971
50076
5417
48863
81942
26493
45358
23757
10016
81272
85722
33019
62850
78947
78336
39857
96488
63876
33230
38156
82392
92290
45085
92897
94528
27769
4578
16982
70209
78518
352
60376
45386
59494
53175
11077
50309
65461
67228
22463
26082
15808
77243
13901
16077
69809
60740
38753
91641
25968
1316
36844
13909
74087
61636
1578
29627
32022
62366
32706
28481
82323
12193
44930
2795
33930
94264
68022
58033
28296
4192
52029
19928
53330
15888
28062
61570
21500
11144
92901
75282
94501
30641
25543
13242
97418
91160
32465
51884
5918
62341
33036
1728
47317
10342
95923
84648
97845
44982
68462
16468
27143
2336
87656
78408
15133
28924
93096
70912
33100
5171
80565
97548
26460
80817
30962
97393
71037
19459
39439
3905
32117
83161
48955
55675
27011
29616
13384
4541
28359
24288
45384
71968
37018
332
13849
96962
72095
5302
64307
6026
51293
38851
34143
33306
13249
35643
22081
31311
62380
43801
72713
75867
45059
40552
12397
34580
19870
68657
29476
13684
22385
23619
15607
73083
8553
42666
24347
24109
26977
40738
65585
55850
1140
18505
14397
69223
38814
10031
97781
98521
39622
79068
41797
31727
27380
19798
57686
32261
49347
85083
83996
67639
12420
89138
97003
77842
43275
42514
17294
21543
49627
84812
79721
46459
31570
53660
72182
87412
62133
22131
5715
75184
99403
20834
8224
2930
90416
40282
32732
55305
87267
8325
67903
49156
2167
70235
28092
89644
19081
14595
4680
97072
44563
67022
89152
78269
46169
42524
76357
79426
34795
8894
74607
12153
56620
56954
3229
27453
44766
34662
60249
8324
35207
66654
71586
65938
22380
49446
50370
76596
2830
386
28642
333
19918
76232
79058
71351
20222
90054
74858
30866
14227
33562
23471
68380
42923
85845
60124
76652
38547
260
70926
42334
82730
30833
37604
92758
70355
56974
62718
48301
65520
49118
86020
1598
70696
8882
46079
28772
53305
42299
11074
13302
23332
13902
19574
79423
49925
14616
49155
10780
76253
57240
73657
55741
26798
77462
97301
80026
85180
52094
69249
52587
77232
43216
11732
87221
62431
98302
14834
92710
34677
42798
8186
69110
52567
7880
74784
21057
13985
46474
29540
79289
15862
2482
54202
20268
79060
80849
40722
86494
89101
60848
97476
30208
60686
73231
98530
32186
93103
8457
1989
43383
46724
15040
48295
86418
58326
56812
55867
16557
6346
90982
49456
43783
30748
58904
40847
46206
65974
2322
94088
82496
48220
42292
83910
52472
37821
33782
88997
44423
51555
12311
29026
63438
25861
8363
57503
55156
68738
42518
85477
93218
68632
57265
93392
15818
79645
55419
29953
29351
93706
36796
35811
3960
81483
62136
57790
34201
17072
72416
30735
77577
94869
56854
32303
84227
68471
61207
19620
45080
95589
83101
68279
25243
21610
44894
29110
79533
58941
36599
34470
72976
94268
64517
62980
97697
86947
11231
12456
2902
11790
96289
56276
11907
57114
1293
67448
94613
32851
57049
56245
68222
5708
12752
57899
66122
73588
72616
60697
1387
13571
2478
6095
56899
21464
73843
4288
77327
72414
15554
95768
26559
42153
12517
55022
22948
75717
97691
54455
76141
87563
9938
49931
47758
40610
99555
29730
10430
53792
99102
51411
23434
56667
96052
66580
23659
85981
2270
49592
62426
57567
60530
71442
87245
40901
85562
35860
4848
96679
21702
97503
49411
47302
94012
94164
54666
72822
34896
266
21323
65207
48253
67112
81889
632
39855
65508
81708
91670
68549
93944
23071
92009
2368
30371
27008
37455
87004
57809
65469
84958
80585
75544
12667
64292
36664
38010
51703
82050
65514
42444
73468
36257
36641
53961
83889
81211
36769
12427
11970
8558
28353
75684
26708
14872
8346
22555
69485
17549
54092
57804
68157
79097
68148
50493
73518
50686
99206
28450
52751
47284
34272
75987
59570
33084
87562
40804
62293
68822
30742
74238
98858
87863
14700
6753
77531
53053
44132
93088
58708
38450
26822
87423
85352
41598
31712
36296
41723
61218
41581
48060
57516
24221
38797
82563
25395
65668
23519
68368
11184
17388
88726
64025
35488
23315
24490
4318
75413
49421
12768
5607
83493
37407
25366
47636
25613
71392
36827
87820
24576
29206
39748
89204
10059
195
17027
60770
57974
69104
6609
45524
45570
19349
77752
11010
86757
27529
74145
66685
4451
6904
9127
78879
72138
19235
92657
42466
95940
99916
74543
42486
11326
38678
14689
74164
64757
40941
3590
17732
55907
30676
77965
23785
36838
24186
71927
78019
53106
1415
18209
58680
81053
27390
83713
80144
96089
90748
33830
2450
4595
88128
96892
9770
25652
4770
49207
99227
96855
59368
18662
92653
36612
60948
45193
9792
41917
65089
59919
6166
31659
5553
1242
16712
95469
10603
53689
30077
55622
34660
3300
40048
53038
8515
1541
71497
8072
46279
98174
74876
82968
75238
1718
63689
77071
77349
84124
84539
49250
13274
77225
43123
6606
38047
81323
21049
28412
30972
11242
71086
72296
71216
98877
21483
6012
81518
86635
71597
39712
57406
71294
84581
42599
29078
762
21113
99467
42978
49541
23532
70721
97325
83034
28371
69560
24953
62333
45195
22726
21290
95033
13668
84904
8424
40109
8007
60565
27183
59092
64038
94003
34068
57274
69066
7703
59400
39808
68647
14308
38364
15814
70469
10015
52608
78540
50833
55323
62627
86902
40809
89820
97467
85284
29678
71302
33932
93082
72845
90014
73257
21981
20068
46098
37288
72270
3207
41860
79541
91734
63757
70535
52914
73917
6834
23512
97219
63662
18913
23761
45590
63927
50714
74076
55133
3864
41037
67051
39997
92263
8529
4563
65442
95951
77932
22553
84849
10263
68199
42274
86673
88195
10932
28713
9620
57486
83324
24089
37803
89987
37103
76806
27918
27448
33324
61329
81020
76455
3391
77715
12402
25455
52287
9738
41149
47608
71420
32778
31236
96377
8062
68573
50874
12793
94238
10527
13105
44571
38386
29789
8035
4173
67685
69196
35660
27449
42109
86743
99836
71230
13092
32473
34890
94405
34304
89394
27701
42891
43915
26174
54072
32587
12401
6827
87323
63776
75692
6926
45596
4665
26904
52643
5769
87601
96709
55751
13774
47393
2067
52609
67702
58998
32509
94430
28876
35148
1040
32525
33004
84213
4939
26624
12446
57182
10283
28739
14787
15905
43852
23802
15060
37326
31519
7470
28618
86544
25735
53556
85791
63619
39225
25531
81915
83867
7290
56161
49179
62442
19214
97720
79417
61046
97955
27477
51088
68187
66225
26644
54564
25305
65468
14427
14479
50474
99546
60870
57475
22731
86637
4230
2847
2197
87741
87784
789
55300
83171
20819
27506
43038
26554
93598
84217
68466
34731
60737
93585
65054
2901
69877
67846
54395
94845
70271
41239
49038
51457
95376
19454
64697
64042
90873
54245
61243
17500
62199
62445
93467
64211
7757
75098
83948
86462
92848
81885
42958
44572
47469
81504
23541
98849
33110
44867
55161
13561
67110
55772
98037
41678
50917
73275
46888
92874
2172
93330
88388
46558
76534
33709
31985
28584
18456
51109
27088
92225
4823
53898
70834
64431
40064
81391
10564
97133
74524
48116
96832
17088
51935
67958
47708
31622
11261
87832
10561
2413
88029
25319
44018
28944
54940
7378
30215
21476
76785
47214
56920
48517
77865
52934
47389
6033
24989
92607
69048
74881
83846
21688
80363
49289
5186
15824
75914
5353
13066
63720
59719
26805
30303
22814
52239
11420
26946
61718
47992
6495
2574
63054
79676
31789
59282
98254
41616
33611
81331
67596
54277
12405
45971
71646
42911
5067
45875
20145
30734
25376
33940
71616
9131
21813
23161
37755
64778
34881
5566
24933
25655
9721
36710
4678
12359
56517
45181
42015
9261
22997
70893
91376
28278
1741
947
49718
67425
56785
30030
64405
83955
50849
94640
14323
61461
41792
52569
73473
32950
42629
71139
35417
88202
18237
19566
62458
12759
75298
37966
74090
45404
2665
81624
74853
21125
35269
25546
48196
80870
52982
4111
42685
72447
47007
99033
4652
61845
18558
66244
70998
48567
85573
67523
75081
8518
11365
2135
20912
65392
75302
90083
25618
14055
54077
52354
95411
58996
42216
58501
36453
65062
90564
17055
95121
90206
46427
32287
59630
18542
64545
56185
83818
51014
23109
32877
55943
94133
62917
66274
53182
50614
78362
21118
65360
92408
738
75334
98093
55944
12164
70419
27804
50328
87337
44971
16180
27805
3479
4165
58448
77570
9136
55967
6614
80532
859
21107
2416
54869
71419
92934
40759
72953
16513
38072
58535
26840
92322
72531
93984
20080
22138
63075
98006
22352
26854
51170
43833
75493
16227
51867
40008
87640
25384
33538
95714
15859
12540
52008
94449
85231
76874
97522
57229
39297
49958
86187
36624
17175
55452
11369
19638
17773
67406
41030
57466
73211
4293
29724
89698
32379
67267
59884
58773
68219
56254
79101
77804
3186
90580
30859
72818
38656
55043
34669
18448
42303
85215
40690
27527
72537
28071
52392
25935
98131
93733
24010
69608
5499
51066
78171
25596
39154
79928
33448
59874
98382
96584
83479
87461
27573
20194
17854
52699
62407
57467
93794
56687
78479
38962
80293
69973
85528
92889
7383
73826
50139
98728
53385
70951
70387
17240
92638
92146
12823
98050
47930
35615
33998
4635
49401
89128
53559
86838
67356
9835
97443
34301
54605
84526
70018
8843
39630
59922
15063
30249
69114
76599
83596
78349
9909
55730
82009
63336
80235
92114
65450
27254
51363
51982
5779
18599
37467
16535
12890
82601
5200
92314
97074
17465
7641
14122
83571
14760
64356
42812
52849
47821
5908
58239
67781
20432
64410
11808
69642
95007
11963
35633
72683
13642
11095
41904
54411
62502
97578
40493
92938
1549
24114
66071
45250
67897
93631
97841
24667
5751
94854
37420
84029
13927
88873
69228
52761
75528
52868
57125
23411
40357
62388
65577
41027
38863
30002
74575
13623
86186
41700
54424
71457
3481
85422
1546
29180
61798
25264
51291
89423
5872
19764
98774
52962
21798
26382
78429
28094
35327
24891
24511
58418
4464
62552
2504
38082
84713
60739
67899
94690
18474
47127
1832
28041
33839
72611
82422
64525
84690
85218
44302
45489
44178
34346
70661
29332
6070
38657
62567
48395
71682
69477
1519
38253
78370
80005
4296
36820
91586
42042
22509
41758
92973
8121
26263
54804
53880
32212
3562
14877
77830
85597
86278
76813
19351
36455
63990
40155
74028
68196
30119
4958
83668
55654
79182
97256
40164
39554
93403
66397
77332
14897
15820
74205
51469
48584
44294
8903
18679
53699
45263
56313
22749
48716
51202
38908
5235
286
28511
86552
35896
47084
91784
60499
79914
83055
9672
31616
2017
98623
60535
57512
84937
98784
71215
20757
58569
95408
89749
74972
92603
1861
56384
76553
70270
11182
49739
11984
18575
83730
93461
14475
94792
65733
89871
39130
92914
92627
64542
92904
98393
55373
78332
13290
30246
5783
73813
65168
71778
15270
92437
82870
8586
82398
47285
66536
56010
34085
41688
26632
8405
75149
44267
45453
78321
37625
9471
70242
83054
17054
2447
88611
93217
99885
79952
16884
31941
91449
26981
29304
60379
68804
63591
74085
42793
7437
42265
58243
10112
77190
58690
95382
92464
62237
83468
50693
66619
49661
38186
38323
50981
2046
61313
71756
86581
73836
38486
80804
32608
98025
97819
37146
81905
1984
52065
25702
27341
47366
89878
22772
65184
99722
66360
78692
93499
2963
23430
52725
68475
79800
62946
36956
71883
71361
17624
44893
75823
30511
46822
55244
37141
28669
68143
14807
57963
3816
51866
3344
18676
92483
62145
3608
60706
28192
82702
97036
75912
34151
13417
92280
3111
87524
30238
41922
6440
75654
96108
53298
67038
51012
23322
24384
39824
53019
97336
76205
63780
76888
73096
24450
3266
79389
71580
75247
72718
20739
23006
28912
64287
47005
9914
21034
46899
78791
53598
81369
48867
68262
42609
70989
416
23330
35551
60377
23750
9574
10199
1029
41756
48478
82290
34072
50778
3102
71174
54119
66862
52390
32526
35612
15497
59191
84877
77295
25992
67196
50762
27510
89872
23931
33297
40896
33376
55924
40189
40925
7464
24150
27855
82559
30149
52545
64535
96375
20767
77969
44247
39
68271
35500
64752
27167
44134
63197
87688
84488
6333
91222
52268
83426
84384
86380
96132
38513
68492
81423
39399
23212
67542
75012
22083
6123
16145
34886
48239
81555
78384
10183
87754
64524
9183
89288
71668
26550
60902
28396
22589
88816
481
27748
21967
71212
3249
79286
22514
87188
95796
64589
75695
57442
62081
18643
47328
79045
44143
52011
62163
54185
57767
39282
24380
22132
68814
73564
9646
57194
2130
58777
99821
74396
77292
6601
86045
87891
48353
67544
840
32040
79693
47004
53154
84408
5980
35721
50521
20688
90797
18811
6210
81956
3659
40286
2306
63773
85060
14983
90193
18366
16957
27624
22973
9531
60323
50888
86613
41975
32064
35919
822
48861
46396
49397
69739
26770
81229
55876
14345
70062
5629
89536
36303
44564
68081
52517
58871
32050
520
49398
3053
33173
81273
53723
91389
41642
80361
53892
94776
94117
81668
33337
85886
95378
23833
39043
31706
11728
67992
78943
88758
99442
76300
33756
19013
59284
64160
11947
15562
42591
9421
26860
60588
22729
40588
29160
64720
79884
14385
97442
98277
50075
10717
86240
82302
10301
7122
87878
1738
35816
33087
22205
47296
26803
27990
50020
71185
63999
6170
87183
3130
65742
82182
36153
57319
80308
17070
23598
18776
97012
6564
28607
49174
17000
50708
38350
72091
38107
28861
59496
78912
17902
98876
62150
88552
16437
46878
60771
69585
76833
28690
17012
16057
24547
72161
19427
9870
78167
68692
68469
98235
65295
15039
46309
90174
20890
46981
78075
76381
98397
84678
59733
56786
5220
67617
57814
39328
17895
30271
40801
94525
99476
33068
37328
6684
39801
22898
42853
83093
79649
78730
88351
11409
91955
5216
36505
70297
274
13952
13775
7203
54152
31633
66037
38437
25697
7850
28494
43180
3253
29361
23949
81974
81132
25763
72294
8993
32649
20433
28120
61906
74983
92001
9614
57622
88540
10221
59468
48096
39996
96579
43869
28956
7225
34696
71251
96285
74560
95011
26447
67736
66496
71626
14659
6279
49600
88727
4861
3466
93356
49848
67793
41366
61645
46260
90290
55623
11959
52378
322
84589
30585
63182
12133
41287
20718
35132
89011
15978
77464
57480
18543
55058
41969
36857
67265
53438
76286
80989
60883
52088
29780
83615
79152
36146
1760
36717
76077
77750
2244
64055
45630
24345
18206
67904
53153
99671
91557
65810
66757
18610
56466
20515
30143
65237
10860
32835
25138
73809
28141
63675
41771
34955
76804
36998
53234
66346
38361
54388
70116
57326
86702
51911
64018
54121
31658
64225
24171
92676
70853
50462
94473
93228
16831
451
99681
24530
46617
69606
63159
76106
89402
95331
24842
33407
96464
96964
86006
23158
56925
73701
72700
57732
17862
52760
54578
4350
14060
96452
85748
7119
45984
92971
62513
18986
12856
4500
44940
45368
68975
30232
79910
69826
24018
57604
37004
21436
54848
39053
81111
82914
32151
42713
47860
25536
67767
17857
95466
45640
42764
39967
25252
24252
56850
53510
24433
26197
21066
82541
95080
99499
88694
97405
53301
62220
18186
91788
38649
63310
35400
52704
97332
30302
38779
84624
81438
55470
99804
21775
15647
25557
1236
19676
99723
28470
87330
31099
71652
39110
55507
12651
62167
22442
23343
58381
3670
56917
36360
91768
78461
92632
24675
82464
30851
42291
55608
26862
66468
2377
2031
96776
48328
59915
57883
77291
78243
78599
62309
75474
97462
87867
51139
15608
23897
23090
9752
97329
73889
13764
19119
59461
4134
86846
28520
73274
92802
78401
64393
6004
41706
92626
67121
16917
46110
93947
62515
1726
82038
78745
89110
12977
90331
72846
30604
41629
73488
82114
90528
7627
3149
13639
29734
40777
56993
51157
69788
62668
61666
86293
76400
10353
99921
62931
131
13480
50072
35198
22944
46634
40866
13239
30970
28381
70346
76588
67401
94422
1936
23783
3403
63666
3272
66450
6139
40780
53715
36773
9992
51053
92229
41571
93940
52967
38402
87881
66142
49564
44241
6580
9259
1796
19770
8096
73038
21570
99619
44181
59533
80298
55142
79871
41594
89722
54847
97635
34799
31061
2163
36770
68072
68397
64256
85075
19761
14014
58898
93389
24919
35174
15932
63690
76760
85080
49605
79418
31987
5436
79489
3393
24448
41075
83652
87280
83011
20300
72112
96569
1722
26473
50453
62403
31282
99603
44768
88052
73115
4979
26399
71726
14565
1450
27283
53872
86611
87384
98727
6214
11531
80779
68134
55407
49403
56346
31506
66906
34759
72808
74201
27601
26833
15545
55309
66776
23771
52428
17884
90944
77450
2402
11253
45025
59328
10790
74679
35458
32375
69561
1715
38712
10120
81658
40378
20495
41032
11707
53104
52547
83166
54530
27534
95610
53059
34262
66827
33467
25148
57982
64688
58972
15534
98197
75985
37443
17419
60816
68955
94478
61877
40233
46924
94247
18085
4333
93510
69830
70624
40382
82515
94688
65814
38319
9677
99661
1204
18276
95534
21199
21263
81165
17579
10270
73689
2953
15555
33406
84543
51816
48878
88730
79082
43422
3986
73615
71236
76255
49108
3922
371
89060
42438
58
73955
57869
68953
86378
48554
26434
6017
41547
29802
53143
44125
24147
14435
60718
15067
47676
66647
6681
82111
89461
81301
68243
45803
39764
27000
59819
70647
51243
83451
68832
57877
60089
28484
81932
94024
86897
87045
3205
18436
24368
38022
4135
24449
13112
17221
70434
5105
42509
48408
28375
89031
10836
58435
30389
19525
5187
10604
63228
57889
62132
55593
82497
41147
61948
39162
87316
44613
63668
47022
6585
46646
45421
32992
45110
40915
58318
64122
85044
26036
626
45457
99635
97296
14871
87242
84867
777
60404
61503
58419
89049
89466
8876
52734
82419
47536
79829
14078
28004
36507
14614
760
90006
32827
85078
74516
19471
49033
1545
6785
72021
39322
38578
14501
41232
6018
47470
53010
2822
50113
8770
77645
5100
25502
6611
96397
61163
57701
29199
88003
24979
18497
78660
94308
30671
70620
27064
33294
52732
86970
72196
83828
81017
438
64831
53976
36110
70011
66601
38404
75837
85858
28533
99372
22869
54705
181
5796
69266
89105
72787
89453
65229
61889
5163
20221
80072
83819
88894
43714
15876
77575
3848
28019
97587
75291
95870
90611
21633
24740
28749
45840
73242
8641
69895
79748
67602
41118
54317
51031
2428
36113
36002
27122
48232
69968
69821
33917
15492
27648
73868
76664
53900
82162
36537
52619
46951
44585
95695
27788
54536
74865
56358
8856
14516
58470
21651
26110
26901
85675
35085
78894
74329
30745
1953
35011
21748
99610
7114
79322
5006
92445
58905
77615
99739
29377
89623
35045
97373
58392
23159
44386
64957
93040
43664
17478
58202
45882
61380
15712
54428
19741
24462
85844
24168
28235
9011
34497
10090
9258
92045
27392
91838
41995
4647
69677
83250
87213
11624
1071
27363
8287
80974
96238
59213
26426
27384
68923
46243
80938
9991
96099
46440
60004
78298
80963
73020
18784
67492
91836
27236
57517
76567
59753
75889
17697
57613
57339
59999
64884
80758
75930
48404
46719
18821
18056
77784
13357
14788
83070
46820
57575
61171
24926
24149
95129
6967
48217
48233
94094
40186
83762
41066
47197
90381
82095
8959
7707
8227
24451
44715
30467
50605
89895
67137
58591
89455
54548
34830
54538
74782
14732
18291
57722
70002
17614
90233
69381
79240
27513
81593
31322
3041
60934
8710
30369
33802
86764
90819
29431
97180
43963
47507
72574
89318
30529
13595
73124
69721
89916
69486
23528
49689
66812
13630
81274
41382
193
53044
94521
78891
87602
19011
8813
10158
5292
96907
71851
27953
13378
64151
97158
19287
47316
81782
51610
13591
32658
52434
28742
26053
40435
28609
79572
93657
33021
73167
81336
95707
85728
81393
99259
94519
12935
85379
48143
25080
26274
84010
13818
75791
56923
55991
69074
53533
9985
21185
22886
26794
192
55246
74066
56267
78120
50920
39844
28809
46844
88686
11468
41047
8282
46167
58722
90718
90025
98136
44032
41012
51300
27309
68058
36013
48307
19343
46358
16076
36879
81567
12278
62000
5223
35849
33287
83541
69918
25492
23657
68861
27304
44412
81430
97738
82841
88125
40904
8881
45443
80055
62810
35047
27326
9081
71473
41870
75671
40321
33046
43808
54409
12518
20357
45341
56193
73388
18024
55130
18405
28101
7408
70380
15812
9308
11301
80962
69831
13743
14711
15077
63006
89352
87447
63225
58002
13141
49994
6117
57482
96175
96001
26249
65452
49306
2786
41387
82204
37142
52349
94851
51468
46694
6862
6734
61478
99825
39078
34316
7936
84049
99753
37807
95537
65599
40955
10761
28995
69547
66816
60599
97320
10735
80068
26345
29041
49255
58054
89467
37380
30842
92075
79944
2251
7885
62736
87659
70217
78523
56969
56368
45790
29740
63248
73169
60787
17537
53643
57748
74939
25519
36021
38360
6228
49961
18129
98789
34155
72693
84375
80191
22183
29551
24515
403
71013
12327
33837
20065
36071
27065
51969
20259
73587
38234
7994
91041
10861
62122
67502
54973
43017
15916
80800
60920
43815
88876
41823
7698
83396
48679
47643
74072
79154
55241
95220
36958
4444
32198
5972
55380
65123
56223
99316
63409
33688
37
28001
7026
34916
96864
27613
77633
30376
30210
95184
93899
83203
45229
90855
65015
74314
24478
87779
8801
40405
97396
50235
12012
72702
80175
6528
37580
21527
82431
81037
97510
87206
58683
17572
25671
33441
19006
32380
26913
32824
5140
25963
28423
84301
68513
34294
22517
34459
52981
16186
97928
81947
62254
87775
1517
49979
60473
28034
31289
86202
41191
99561
61504
35356
71391
10009
36417
87954
43618
16354
34577
50903
13880
8816
82420
76342
40245
56959
70995
42825
67214
42336
41317
34772
93913
2068
49280
60412
18431
48821
22008
46148
72006
50269
50798
42531
89164
22949
43523
43670
5981
19547
16634
97575
52622
70057
77119
52894
90026
28151
16600
50996
39903
60215
32180
47941
51587
28061
60880
54781
54439
96759
98674
21144
21448
73440
94273
37686
30408
35348
98826
37121
53128
133
11522
29236
81968
56322
8418
52880
84584
67414
84565
33393
3560
56050
78940
76151
71341
41499
35757
38376
40611
50567
65881
38711
17496
97432
5954
57323
28334
21204
96079
45837
61012
88306
27598
49286
52139
94536
54359
57856
46525
88880
70278
52758
74742
92018
