65036
66308
76083
73603
64030
94562
84935
70183
31715
44512
57225
20143
15384
22044
6692
80724
72961
52848
15499
24528
91345
16505
2582
44670
4614
50085
16387
3089
93042
14926
59568
56417
87136
52693
28133
92210
22402
79616
86234
19377
43504
77866
21085
6089
72865
82032
74300
64892
35381
74635
68694
6452
69993
63480
55910
8630
24429
40676
15535
32502
1092
56066
49351
78088
8298
53390
7528
44007
37616
39523
8128
67875
42268
7063
25995
46190
89210
44544
23301
42467
82726
32337
91179
73771
42492
30554
67124
82918
35536
13404
79642
88995
26618
58357
38092
92723
99332
44543
29436
19085
88193
74496
90792
36916
74404
99247
1329
35753
31531
67149
95620
53146
57137
88168
43654
91339
14979
44621
25024
74151
91726
20319
59292
74077
30359
43780
7773
7455
9439
19103
15425
18681
61392
87631
23586
1544
80621
44897
23581
65844
7701
41949
39406
35087
45782
8313
35113
90472
30790
46345
21787
58464
22521
81471
12949
91249
19172
36912
59511
3662
68413
31674
79740
34984
66289
58120
63643
79638
21434
50173
17796
77157
41076
55715
64457
34441
80534
77716
86384
55726
30190
68402
21165
64599
82585
98629
47456
7296
1957
30377
86948
89350
2593
55540
5692
68480
97228
56271
15312
11378
22959
92366
2053
21755
68887
48082
67151
78024
92551
94982
5451
63177
68284
65987
57286
66637
91429
67870
57689
7886
15718
56028
80425
48668
1702
47045
5401
87084
99323
74555
31189
80838
28842
69479
66806
60096
52701
24575
42073
53201
12042
54174
97873
87853
72737
39422
76954
80170
35518
97728
69955
84269
7223
30766
15498
5447
11266
17379
89896
91260
61352
40320
80679
28217
77028
26947
20871
95802
84741
22668
44422
29771
54402
27676
56292
87952
97111
69077
85650
68669
79280
14409
17616
42955
20064
81310
89997
65764
31009
59412
86786
41428
89693
60754
81103
25948
58147
60486
20639
80614
51443
97157
29474
10973
46150
19282
92788
40929
10772
35450
80085
76627
18339
68805
49315
37209
86352
66415
16474
33273
99640
85743
66825
62572
60267
2458
79621
95107
47180
37019
67479
73238
6202
30722
62734
1580
69330
54019
18310
90786
87426
55124
70836
78092
81464
42780
24389
99427
247
6418
87425
53701
30610
33797
43298
82148
16655
55174
60138
50647
15354
15958
32951
49725
82748
94887
27040
57502
21332
25938
19630
13516
44587
40961
56508
29560
36472
9684
55523
13369
52275
45465
53624
89757
5399
96009
3828
42396
98975
39908
66871
67599
63760
11668
88067
97428
70801
52045
71123
72242
78900
46877
12137
15316
34936
7658
5453
85792
29559
62178
41440
91274
12704
34649
29207
89225
86665
30384
23144
34521
84977
16798
30048
99506
82218
39476
13507
57000
7323
1533
94624
65462
82727
56869
81941
18729
8608
88330
72298
73885
63014
41426
85453
34502
67405
12794
48379
89375
28979
37551
81086
75982
37910
71728
48582
86238
85137
57934
91112
10028
9105
61811
36060
88372
58041
1004
89583
6395
69085
94623
26054
2897
33495
53308
96976
4185
93311
62161
97946
31191
44173
27657
37359
66003
34537
88172
1952
82310
14593
51071
72306
41730
81709
9499
48602
44387
51112
18850
16672
24189
85780
81653
63218
48731
84072
49010
21946
56601
61193
14882
62995
97867
67901
45560
83504
57705
79519
61614
83497
85375
12561
85323
25524
36981
85269
8905
94084
27723
67324
41021
49204
31566
26145
13331
43089
47162
9710
73589
12827
87937
6264
24275
22203
52234
6220
6334
91280
73212
12084
1158
66704
49844
58244
17990
8453
93798
56232
41364
14642
79207
50627
73395
6799
74697
29433
79283
50562
36851
88960
24324
71708
97050
62392
49608
1153
14942
89326
27085
94517
20467
78257
32304
91587
60010
98423
20701
13990
36705
71938
64221
70315
72450
1716
43330
44611
57657
34182
29389
46007
98348
47678
76469
47652
45747
98224
84705
5330
10800
30841
31168
10365
56688
24447
22924
24924
32637
18441
95683
35850
71539
46836
43174
935
63018
34734
30003
71122
83165
71648
72880
93223
94367
61059
92084
29275
25945
83189
63498
42867
96834
83405
85831
84018
95088
73989
39236
75822
81220
19863
99031
94759
44026
17746
91935
37442
94674
28324
95916
57824
4747
99773
92630
3361
26604
24616
37847
19202
39444
8545
40199
94054
39872
80397
35475
28510
41924
59398
92
55817
22862
74335
93924
81792
56494
44226
58536
24571
20353
18133
14875
43394
40783
41178
67905
33902
80208
28536
23693
99444
10363
1493
95518
41820
40998
82699
14133
57999
18582
55263
6583
54731
83325
52678
95096
73265
14173
76589
72802
57911
1682
9253
2670
12055
10230
73630
45612
33452
64748
80947
10095
97663
21803
6022
38687
45165
94841
98917
93664
3645
84902
50944
46004
52048
1575
52269
9851
630
73795
74212
97266
70420
19099
50959
52684
72032
51181
35679
60581
87002
94492
94313
9732
26633
56110
16133
65591
92276
12433
52759
8138
61311
39329
1800
12241
7427
78129
86236
68807
16136
88395
73600
57260
3616
9626
25407
74010
12678
8753
72728
10710
49721
10632
24996
59944
18069
36512
70555
68370
45505
46286
22006
80706
16836
23376
33762
37375
45208
1827
62724
15235
62603
19366
84061
9262
8281
21930
31002
15378
10869
85757
97028
81233
71483
69926
3838
67098
79390
63403
33926
95429
29029
87432
83744
16510
33162
40733
45183
87585
11600
29369
46998
87808
17123
54193
11535
10005
27752
29831
39338
30618
79848
99108
51689
94713
605
35552
7903
87000
17246
19173
95931
25405
4349
59809
35339
65436
60087
73853
85271
33609
87879
33536
51688
68292
98488
87393
46606
13980
41052
64672
5260
68325
50258
40013
61031
409
19532
70267
318
9667
70218
38531
33646
96808
25402
30580
97544
12412
76824
96498
45794
38334
73438
33999
20212
45711
81712
56448
34934
11346
66753
79529
24951
62822
13746
48777
79843
90383
38925
53026
73297
96482
64583
67517
25812
8917
47056
38006
56207
19948
10434
20477
12374
93736
83352
53238
62750
72903
87925
51400
40626
48759
9660
29981
35750
98273
84191
97970
45690
36056
45621
26536
98813
31039
1993
21666
87945
65648
82674
56303
27491
91599
41216
84806
93865
97016
78339
59813
9358
93534
88733
49011
7726
6197
49248
84835
97041
61890
76140
90376
22319
44010
1440
90603
8692
95813
991
46447
29641
98576
12934
72474
10457
58333
50655
95974
77579
7189
77221
50164
10250
36006
37933
88740
15473
12569
42399
91801
6739
31474
77268
57550
70379
33125
19049
90524
38693
53132
35559
48327
1259
85699
43404
92218
35126
23748
75576
43556
62003
38445
65778
94886
21271
52631
63281
48676
60092
4099
5441
73012
72887
49897
65842
58408
39786
92081
32369
61144
26975
52576
88968
65640
83844
36285
87143
18188
70984
89119
13821
84990
80584
3597
53240
33374
64284
44084
46538
78826
97354
6992
27060
23947
97285
4308
49342
28661
59866
89382
12208
9880
94208
54328
14022
45044
1966
95454
83435
4583
97227
86320
81820
73061
98957
34708
97666
77888
30272
24364
60437
42487
87791
75111
80337
47954
5104
72568
74369
85371
65614
72522
7571
96887
20126
53338
38571
94707
37268
96571
53819
71114
80364
84279
47040
80502
44031
96466
2433
46201
22883
9713
13907
53991
34907
88763
52252
78626
57634
88055
99553
24568
86283
89264
98734
41652
93518
18934
80465
34104
12937
44956
31143
17344
19735
66123
55484
16867
52777
6345
48853
6803
13961
15126
86377
21979
86457
224
18166
28666
3910
55555
2226
80657
96190
60164
15793
89929
42258
88121
77075
3937
90910
5660
68381
74709
86465
60317
16571
47869
54941
48131
412
6718
25097
97783
21811
48684
82176
94665
82701
85029
27599
51346
41535
32753
47763
85110
37931
80388
7906
26363
59161
81025
19750
63884
99389
86998
49057
53887
7015
57299
68259
84575
40723
97234
51521
7977
41049
95710
58633
98810
67877
47865
36754
15255
14291
18030
40635
16482
27023
16636
38440
64961
97792
30276
5131
12399
32422
3498
66735
96382
12577
99277
51164
59403
48261
39201
99993
43138
24103
37695
66984
30979
42568
65066
66347
99918
67521
63850
5678
42453
8246
44672
89237
83315
98802
29517
33891
75683
40752
74235
65263
98305
31032
77834
26894
96739
96786
28445
71102
16689
30366
50006
921
34792
29394
18822
65574
75503
44635
19217
95243
81575
53679
70170
36909
29081
54559
46687
80610
97477
68974
34818
55232
85437
86241
73625
91048
47416
53834
64669
71831
21415
94704
99658
9931
22213
35209
66763
42154
81715
87782
50940
1507
57040
54224
98080
38135
50088
11424
807
17578
518
85145
17272
72257
32941
93300
35168
42929
60587
93158
49657
36594
24942
50761
14603
90582
25780
99535
83537
14420
36494
70040
80254
67668
69038
5909
39376
46794
18787
67755
97190
59765
56663
95662
6705
79879
88676
55088
93652
90627
75950
5229
31972
97729
25608
49945
51765
57740
62967
96671
84646
5113
50290
11175
98419
13296
1552
11533
54181
99240
83114
14037
31203
5406
12664
87834
16772
41569
76353
28583
59939
77964
12303
13401
83526
88804
97611
52336
1867
80955
54782
89913
45555
20697
59038
9302
36088
62779
89931
65828
9849
81967
6265
23690
53741
11715
26546
61574
90211
50471
207
8216
46579
35593
89988
99517
17058
89417
88044
68070
44769
69109
93530
97356
68562
72181
60285
99634
76330
87588
45583
99942
33104
92172
12636
27092
71373
71634
93365
74481
99424
63790
6311
83073
25950
62774
56125
93624
58911
78311
90030
80307
16293
81745
65479
71790
4816
38501
92026
25310
27186
89104
96851
38781
40365
60335
23049
72176
70422
95516
65489
49267
67912
63017
10905
57111
32447
40121
28627
92080
51954
35575
50340
97340
94750
91877
90679
55325
85252
90116
71791
35704
87431
43160
83266
66743
44551
33667
75756
32285
56657
11001
37834
63280
15064
76119
99847
77997
43344
39818
2210
23244
23929
1485
33521
49216
81188
14523
63994
21849
73368
58005
90501
19893
47686
81859
27962
79137
18836
14582
75224
43381
24892
34704
99174
17115
77200
83532
55611
93184
42058
10657
39317
62181
12621
693
93310
72093
35204
98456
76418
18691
84781
22167
55645
85977
221
30934
94722
39515
85657
21657
12222
81837
698
28738
63070
84393
63294
15232
7719
81919
89080
82142
29941
77704
63465
80127
35007
80735
31721
63404
31220
37182
74907
46068
92261
93887
12597
59083
49676
85864
70584
81042
59136
41329
98612
48152
89408
93953
54813
89513
83041
51561
46063
71309
43745
16612
37311
34291
72979
46697
9467
71705
3425
41288
71345
4596
4961
58325
35251
7299
82987
64099
84549
34844
52749
45320
76217
23506
23298
24090
56738
60007
73828
92465
61999
22340
50556
59102
34547
61366
18769
34277
61291
94384
45361
27890
1475
90240
16768
25715
62361
18741
57494
78383
42439
40518
30691
29720
39794
53787
50529
38208
9663
21206
84633
70634
8170
36792
24676
45414
29750
52965
70880
74504
79403
77244
61706
38546
23311
84170
46658
30258
75933
74536
39271
45301
59277
79091
53368
67160
30976
82908
627
13874
45171
27800
59625
12627
22092
67460
78683
56259
14966
91438
94052
92462
35766
71506
99288
43996
18598
37952
92432
68910
70132
85905
406
34842
8584
26102
16663
62251
47414
37001
48807
27542
64126
66000
18626
31886
87395
83176
75267
15268
33778
22592
90243
10887
8585
69888
56883
12129
56290
92931
47622
78492
8950
81720
32972
4741
41649
42115
5619
53248
71868
88844
42992
78014
93915
9029
22955
25511
36007
81048
22418
88110
24412
10925
71305
12404
87043
60719
87306
93335
11004
66987
86192
68412
87993
55494
6738
35869
10048
93685
46319
49318
98717
84337
48337
29224
21796
95722
78988
16698
2298
39149
86456
40428
15682
17735
53912
29890
46237
25813
461
7199
24866
14053
30607
71681
75909
945
1008
19720
28703
66056
33165
39788
59340
26257
29736
93625
77886
76313
75657
26757
6872
6133
43621
79771
13016
6577
31589
40510
27463
22192
39233
14520
96283
91854
85915
54138
25125
62211
22782
35135
68362
79783
15415
30432
25930
87811
35628
47405
94265
61274
60980
36269
46592
30124
69322
65912
49361
48842
9698
2505
97745
88350
24025
78920
7746
67659
50634
36212
76681
27749
95725
34514
45024
87748
49631
78616
16341
87061
5009
13599
94866
30479
10841
82910
44005
24972
44079
96127
15223
96824
28195
84611
53839
1997
51481
18412
96056
98977
92933
40742
61921
96327
51796
60187
6470
38533
88012
4170
4750
42375
55963
33323
69896
70611
65718
88312
39390
61788
12588
91855
50517
79080
11779
71620
78154
53894
14229
79205
4179
54757
29360
51980
62153
89300
75221
63227
81817
13377
67906
7436
23390
67882
44094
30087
81895
77212
28049
79568
42021
39479
89161
86295
14234
80189
80053
93375
12028
44967
35554
38680
89674
88310
35870
30958
72446
29489
48521
34118
16520
57652
42355
98337
51507
43694
86150
84441
69672
7243
4717
9857
31035
20214
98360
12437
68864
94636
4947
2825
29350
30020
64853
39675
53571
89720
38307
95733
13448
51063
81935
53760
10631
5085
51259
43044
10107
46340
46200
10446
61322
34058
13514
79081
82296
6582
73999
8542
81970
91472
56240
4748
51637
66188
8404
99038
79570
67113
81636
4241
68518
13149
28251
44610
20270
21593
61377
14035
16414
35144
29622
26480
72230
50277
87038
92451
83124
27467
6712
21167
44791
98657
20129
65865
47277
19961
31221
232
37943
20170
91144
30270
56402
13151
3350
11894
83320
60463
37168
79150
9824
74143
95630
3128
90836
16860
35603
90753
74655
52798
17879
11225
13376
4502
28651
496
58198
98321
54425
53544
29502
35932
27574
54309
5049
23900
1349
17451
96446
30248
22287
39519
71812
18874
98614
87319
62373
87643
1745
89245
98543
91602
97314
74199
17011
54506
90314
11740
22674
20492
76933
67704
65413
23727
76068
33352
6510
49487
10987
30532
41631
26159
6554
43893
30148
14644
61607
96071
67102
31790
38627
78294
91158
40812
25439
60261
41812
40087
45114
1064
57915
11425
41159
37305
84971
28234
68358
81413
69907
66955
71503
6796
53198
97372
72102
5592
91869
71621
59891
93252
83319
4519
45715
71452
19289
3971
56415
49882
71273
87099
23972
47943
98649
95465
71501
13014
61452
32783
68478
70569
16371
748
35731
39120
1373
11736
15142
20526
54532
96939
94498
30547
67638
6741
12855
82199
26740
87736
93500
88991
68076
37377
6134
6433
32872
27809
22014
95821
75622
32845
35275
62423
27189
2865
69253
50844
23725
83234
74739
69323
99081
52161
60328
51409
97392
55536
39757
97532
3796
77890
3371
79577
76737
13632
6762
96023
20103
86208
27500
12212
38640
79353
70210
33568
75807
73316
69765
15771
39095
13371
18264
6536
87622
678
6175
17759
63010
60509
43623
34114
59283
53989
80205
62950
71287
17389
55587
12154
59065
987
47546
38580
28143
29297
14669
60031
59006
40006
62703
31826
54043
84596
6301
35443
93787
64857
87799
78369
68004
71022
33979
43931
58506
93362
31955
29172
43223
27043
67264
70625
79339
29746
39529
67681
89653
95082
35980
40982
55399
24231
36490
27671
17090
69191
90691
3923
92284
16933
46691
56825
62050
28170
54658
73146
70676
10072
8044
63133
96953
94320
9356
89457
57950
54258
98655
17034
36338
9334
67994
85282
59144
76659
31091
69265
39763
69674
59427
56581
19079
77796
22751
15149
78083
62792
10854
99995
6604
22832
43471
39372
59176
36426
88204
40027
48492
75752
91941
14487
27177
2296
25251
19708
52910
96669
57052
75391
19765
98836
40638
67431
51467
1577
15560
17768
73580
55160
42776
10022
7289
52377
99544
75777
33164
54725
18852
26092
29772
33062
90545
63109
48864
40414
16315
18498
58992
35464
34735
43292
63678
64016
40857
32336
647
7419
72589
54244
15066
81402
12393
81228
83579
27181
13886
36418
11926
46078
33246
34305
49496
39848
81175
17433
5570
8938
92615
66679
34363
17659
78729
82519
55581
83488
27917
12187
86571
11851
98801
95070
73001
73940
76739
50646
26276
57609
24037
27216
47374
75446
93108
51194
84296
39722
46689
90520
97119
55505
35770
27485
73324
28283
12534
72834
18283
61068
72261
21439
27943
79737
74373
65653
56980
98671
43190
79026
5653
37929
52485
29962
79056
16131
15915
81503
873
19650
10381
35276
78464
86411
36477
45638
49473
56242
96711
87016
44812
71925
37904
48583
68571
52650
44140
80741
74745
64859
24306
19647
67799
60409
60821
77261
92481
70699
90796
96744
16912
33840
65731
17939
21102
46652
59595
11876
64816
10773
91991
51376
85629
97388
96970
10306
74494
5378
88652
12013
97538
49653
88707
39489
3504
58207
82131
23732
96098
86800
96057
62121
58247
4375
26323
90530
6236
12413
20727
30874
48581
7686
20264
34084
45549
35442
52972
23704
24971
31366
26574
80221
71328
73705
22354
5865
45546
95120
73642
155
25890
38740
5835
9111
90392
21714
12657
1394
16897
62290
59790
35412
91327
43947
41741
81578
92337
24776
11768
82907
3782
73547
6755
33635
63548
70967
50021
94064
10302
21025
81021
87499
80960
5107
82750
9242
31542
68265
61861
72283
11110
27359
54056
55738
53724
84839
61481
11067
22811
52585
91006
17887
44265
41648
25026
54854
80926
63656
80248
32650
88920
83892
82762
97530
67330
88892
98587
76485
84865
10948
87078
99450
23075
85
23044
49910
8718
95209
3694
50861
71770
26190
83499
35353
4524
39673
64300
677
94823
3679
9347
58903
54355
75262
68600
68881
63541
2935
49737
14551
3295
58107
65945
37508
49924
2488
4006
26412
3450
30326
34728
72121
2883
54618
82825
76539
89251
41736
41192
41254
61984
591
29716
89079
86881
81203
66459
7293
38346
28310
75468
43998
36140
40220
15150
45815
1255
65948
36297
26639
37079
21235
49095
87029
29336
25486
25012
52394
47711
15170
45681
32115
63461
3378
2126
40852
28729
82447
94225
99089
94580
45149
14653
37570
35288
88722
77350
16039
97624
87600
4001
92679
66901
51431
33577
49748
97131
66737
93611
48425
48849
49602
56397
15843
89035
26147
60060
91924
9337
43006
98800
49666
68047
65437
37400
52714
5396
84669
76950
58908
57373
71744
85818
95757
13956
84607
99504
91774
84788
68535
91233
92140
79332
48644
3725
68947
55599
93262
75290
25005
92701
27239
99938
52710
54288
25658
6058
38507
23148
4827
24319
43473
23912
5395
78276
91852
16285
21806
3869
62796
91184
90267
56810
81527
31844
97876
18804
20192
28343
56569
4928
27792
13844
37659
87801
85373
17353
20313
95961
63555
56896
32719
2060
46612
20238
6776
18314
76413
75101
6570
17730
48447
48426
23230
19357
93838
40583
17309
95807
90929
11204
75845
49573
39907
27536
23880
18203
65341
69468
36185
42996
14213
98143
20513
10053
76518
11966
61215
50479
27733
64113
93230
35701
72432
5976
26661
71202
12468
5358
28507
69922
26129
24492
18140
25741
4009
86680
84192
90956
74908
13262
85038
88525
22470
95192
1697
30480
97390
30421
58957
44253
70478
90432
76910
27324
39705
9845
91659
89500
57477
13550
4064
69278
86365
25537
57079
73110
25931
62437
34564
34217
4193
73526
6267
3003
52730
58498
21559
90965
3954
59978
93855
52265
4450
55291
45053
24442
536
18977
30747
54835
47047
24135
46151
55065
12834
6125
968
25911
26152
38032
68594
21999
67953
58349
39388
83707
99449
82958
90281
63562
90646
10010
38946
72389
52176
7579
76212
67594
31960
22210
25413
4386
96574
68761
53222
85952
36369
80811
50247
41081
26945
27421
81231
54920
78305
26242
14410
7276
63545
87632
81954
19505
82014
61855
17314
33772
74289
68630
28345
76632
97573
22773
83119
19438
95933
58133
25916
82518
79232
90550
25910
68059
78441
42847
69140
12072
11818
41507
75350
24355
3595
19815
41182
13887
88234
45873
6066
72561
41465
59075
18705
2318
39009
40434
80790
65602
56885
80821
13482
54999
7315
45328
80898
88829
86762
3579
94745
31958
3059
83538
81063
79733
64298
96309
36555
48095
3951
72465
83552
40193
78330
81492
61016
91344
43490
83658
62925
10808
60183
23628
62301
70095
63459
10159
13491
65805
88979
58273
47502
66739
30775
48925
59046
12157
28095
1990
24132
37833
40420
35247
10507
42001
12430
69492
38728
10881
17029
28162
79271
61449
44548
4754
27738
14840
37498
9349
33167
57327
4410
57166
29954
71525
10910
42282
33493
58159
81748
16194
63543
14698
64323
35927
96986
30234
11572
16643
2205
94547
11835
2956
22907
1005
55036
87781
18946
32876
91046
59236
85708
11033
16252
18770
62970
40336
46807
31265
77522
76005
30820
40205
98635
35268
30120
70405
69737
99074
36727
78253
75597
7156
74919
43335
41466
79620
18297
55886
49824
51541
84783
28943
59861
27537
77087
36439
4411
92965
46299
49747
51742
48753
41179
6593
75608
22439
93498
75518
22052
83839
59723
99678
97929
57493
46492
71515
80417
79747
94817
52063
7448
70332
98118
26347
53847
77150
68100
57168
89314
76374
62453
61146
53498
27594
15580
22699
80240
90258
56892
78911
51536
54394
13373
90553
22033
65429
41913
5943
43559
59577
39160
52106
65299
36569
86967
18175
79061
64039
48226
3216
98362
91462
55615
75436
58571
90821
79040
52645
32874
35507
38099
30647
1286
38317
82668
51425
5956
49
6167
42264
10275
38165
78085
1604
38528
64955
9054
38446
27318
65444
85872
59472
92131
36070
51797
84197
2927
18648
48204
11101
64142
44663
29523
78796
82364
24084
98562
37716
45986
16879
21679
78421
11904
7844
13864
88107
62654
25551
34430
10743
70160
932
87669
91392
14785
67266
63095
38314
46911
92006
95396
58355
11730
47736
51366
70366
97872
4307
29419
7500
14094
17423
65855
57146
46284
75148
2382
72304
75829
67140
66705
55193
43023
37061
76036
62046
37454
92962
55686
10057
71818
4727
36204
29259
77320
31657
62986
30559
82932
49120
47597
50055
1633
40239
66294
14780
75959
65754
52361
23407
79153
31825
63959
11314
64149
92019
80511
2158
49379
3139
27212
45544
85848
24301
63455
71916
34138
39320
34345
81206
22233
9952
18608
11514
23631
25216
53978
63052
35210
26212
69802
7599
269
92241
76306
79034
76190
81620
28931
89335
54251
43543
33017
99446
34711
7955
80266
56797
33429
91542
95307
16985
26359
48351
44381
62802
90426
31581
81887
63090
88732
33147
26529
95043
98669
69590
75231
89087
57147
85488
17972
2776
2162
25017
84245
65929
72909
58434
75248
77173
70241
39761
86323
68283
32781
18225
58369
31345
78980
73606
88399
86302
8100
42151
8888
10911
22937
14687
63623
99314
69764
99
20637
5349
47773
28837
34746
6589
10645
72371
19679
10733
99651
67789
65195
97744
39862
29385
78346
92166
8012
73676
43413
88566
14791
43287
14734
22767
40426
85061
56168
90132
8156
60442
21339
77914
82535
45373
69898
48390
91193
72330
97387
59373
63608
76052
73234
65578
4017
5154
88070
48421
11026
84816
3460
60520
22558
31209
84315
43958
31639
69440
38731
58035
47968
96306
87948
19921
17676
81311
18306
82664
37841
72947
46114
57620
91066
59519
40154
92648
98428
54758
47248
59592
38069
24072
91655
80187
56418
70337
48118
94985
49103
8387
5599
98685
32708
36632
7411
56454
25302
28332
23484
68068
3567
31509
49211
71574
65047
31705
87900
68037
24473
87842
76160
67172
27863
48496
76683
75365
4526
18284
88093
71619
22232
45514
62589
55152
52562
93592
74015
14335
10586
61840
11117
19197
59864
97181
69781
49857
49591
97601
9828
21807
82158
71908
53911
25368
89885
44343
14661
31071
35218
82163
14347
57010
95559
14910
48540
75505
28894
846
70314
45379
9114
23347
78542
55186
88240
15387
6524
96158
46832
28702
51101
87983
96085
41813
57611
30558
83735
58043
15482
34407
62741
95786
28707
10514
8699
9360
78507
27233
94673
25420
21074
12998
30101
75834
30385
31808
24457
84813
19927
9444
76294
26216
18717
76743
22698
50550
78116
39159
5327
66946
61747
12623
26362
64786
53786
75524
85648
94108
19732
45542
2203
35347
62134
33346
63120
32500
16085
43401
71372
42383
21479
27992
15760
48297
86884
48368
85084
88386
74751
5280
88647
65078
86440
31327
10957
67929
8144
76980
79682
33593
61453
12300
51898
54522
97261
91888
82160
73037
17131
7248
29170
81321
17529
52708
83437
12515
33308
9299
89480
83145
59586
15079
22129
81656
64983
20557
46685
32398
76318
78278
15081
6450
31337
3255
84827
95100
83343
31421
5847
54719
83884
94715
18880
52536
6259
75652
71566
76129
48736
38494
83768
22201
9096
93577
2309
55641
47531
58462
47677
69720
20749
75774
18959
9697
55462
21449
87015
50889
11754
65038
21591
62599
2832
94723
83404
66454
14630
58017
62548
33166
22685
46143
87674
30152
57892
37111
58483
67818
6439
4465
94485
34360
52728
23335
7950
96499
18426
55582
65747
96082
11752
59003
24203
55433
96405
74229
80396
9940
38204
91782
47655
51545
51083
7468
44914
64617
9520
53935
90334
73874
64762
98548
31170
45751
49815
96298
23007
6444
78807
27153
16870
53763
43754
77053
78799
16214
72804
45566
46962
87670
31193
77467
96853
48732
66746
34808
57661
48769
93542
55485
49825
11407
15890
39508
31915
96800
95487
52783
80294
73133
60643
37266
80279
43092
26691
16863
37553
43537
16859
45779
87658
26428
53743
19519
82772
72036
96360
24251
66279
74628
89735
27755
22405
85386
68024
16135
96310
28779
79788
52028
81085
31207
578
73075
76678
63215
6131
18307
19882
42174
80390
1818
14703
24373
43814
7592
18900
4108
59646
65203
10
6268
1429
80883
56158
96516
9929
73613
99364
77222
57996
12318
58008
27865
32172
56784
19328
16197
92185
82740
86174
63524
46772
93053
73748
22967
10630
97705
52840
62401
30181
85479
93254
78751
70088
85662
24247
42320
15557
50863
82086
13948
3750
53331
80712
801
40404
59010
22874
6995
51129
4181
92732
61237
87549
84096
25999
54054
9696
79729
57461
84205
99380
72793
57606
4569
3969
49375
62472
17653
23669
72323
45032
31521
85516
5424
34117
62784
45270
46287
51977
70722
61800
62544
92738
66472
46961
12932
25736
61187
10961
69519
8864
77270
65678
47089
89805
79916
20683
94918
56755
38197
85301
33056
22216
41709
32516
22891
52385
6127
59722
37016
699
11659
8051
32099
75562
72570
7549
46318
4920
38023
86014
11684
93675
63406
66779
28831
9241
77634
27245
77996
69851
35226
27742
83591
90089
16080
66417
842
16873
2669
12242
27214
7399
1425
27842
23788
65133
85160
74213
91458
67993
13043
24644
32091
73282
32769
60224
55172
17708
58951
24493
43131
13982
1670
33268
11140
54819
83820
25120
7091
98752
51988
80867
43919
75052
24539
51537
25458
43289
72034
14407
41973
98171
61943
14751
94427
76125
73098
53164
46762
86659
65242
76356
85924
87462
22084
43269
19100
90642
42448
98540
97330
5253
90332
77909
61756
1848
91591
16861
97556
44886
34310
89250
26837
24001
73060
52070
17101
6539
6199
52037
92649
30412
16632
93971
24678
91133
33692
92184
15643
23664
64368
41773
15838
20947
69052
61094
91155
14823
57201
64888
55915
14242
58667
71283
79760
67439
16588
1376
84128
39219
890
82731
99764
24343
46664
26783
34533
22673
89605
70626
73653
53025
78496
12925
46269
17257
61227
91638
14984
81810
88931
25432
21408
44361
25924
26544
49950
30267
7909
57867
88393
98648
2524
95401
84322
36191
95687
12965
84400
31312
86000
70636
77832
21374
6531
47916
514
14925
87912
18032
79685
81291
87614
26468
70952
95651
85172
2310
86595
44098
70404
47049
71815
62400
74139
62659
26511
13850
61859
95689
40363
68888
45525
23943
7001
48987
45802
63049
62732
20253
62912
11013
98073
74340
64472
61273
91571
85852
51038
61548
68912
32794
57857
73046
48533
64867
1102
76872
36276
54483
49048
53975
51406
84501
30047
78942
2745
52680
15438
37382
62396
57438
59605
4623
50281
80023
62825
66140
21215
66051
26481
20409
18057
77840
69008
58729
69717
99818
84755
31875
83269
29978
31461
56765
18046
1348
88591
74651
11874
41486
18274
99868
24789
95703
15217
22191
48195
86023
46163
18492
92776
43202
82941
22564
93325
89427
6813
40106
76090
84402
74129
30915
10435
23558
37563
16978
93384
93418
77527
17061
10595
43064
22480
69319
62079
49806
55312
37896
19728
5478
71228
80725
81419
26044
239
91978
40639
36613
60887
61947
3641
15657
42642
55891
14858
77274
46709
20944
23662
4950
71814
60483
8530
11941
11292
36473
84142
26765
80723
87855
43485
47378
26926
69501
47354
56330
15631
50955
91165
33092
4030
52922
60264
98054
90677
65345
7278
79736
37719
96414
78148
90612
81868
69400
72593
37692
69758
91719
41398
64198
67538
31133
11008
45708
57994
91906
57476
86361
37593
7783
16721
67601
50891
3068
91109
26375
66261
73150
12089
32760
51832
10556
78987
28399
35370
53486
91311
94149
46099
87662
10640
89799
63009
26360
96424
26908
99428
53833
65077
57894
27942
50136
47965
51433
88803
34358
5697
95574
83931
17627
11960
92843
84163
30717
80913
76260
37136
59040
51349
6154
99552
91897
98633
52259
75389
77764
22193
40250
8797
63269
79001
52126
41957
75812
93182
19337
55353
41722
99657
39500
35908
55719
51839
54183
96619
42695
28845
46394
40209
87764
22128
65343
8548
38725
94489
71476
53079
49092
66959
20421
61933
27365
96767
54633
34231
74408
37766
63624
58242
90130
6158
91116
96714
89471
41102
4315
59827
92821
51462
56775
25923
31351
28515
19951
82303
83908
71800
60518
92670
56864
27664
92247
61961
15911
31939
18514
75604
38205
39460
54972
39611
92880
78904
38721
77620
21686
60733
34622
39667
5257
3399
41611
33714
39644
46839
48460
36139
11198
68280
99293
50951
22774
95185
8711
9027
99343
27908
58240
44913
75855
41014
79132
81598
38921
20789
68019
82068
29793
47809
47929
14861
41194
55023
51690
99022
6818
3261
64244
14573
84351
68871
19756
91837
13724
69105
18825
4287
44161
86839
34222
5967
23400
54089
86351
70048
63098
36150
91246
62390
90144
99370
93189
3467
80267
73379
89981
78538
920
38087
30591
48128
27770
16605
38918
85103
51185
92378
72722
25912
78569
82472
93948
62222
40272
46848
37709
93039
31450
26065
24136
55920
20860
35834
68939
56400
15380
4711
91430
62466
38448
12922
2335
17411
51738
61408
83454
13703
46490
11630
10791
83872
53642
83279
65063
10699
6848
71479
13602
86389
73548
13257
94074
9300
32936
46743
91861
41901
75972
44261
89517
96078
88035
22885
39086
15689
60941
28216
72424
56356
75216
42938
12928
53369
71942
33548
72576
65331
68418
2711
58659
66132
74537
26471
16922
94497
39669
99061
49007
51568
88781
76495
54956
48444
47566
34356
46085
27419
18692
40319
96477
87129
4530
90754
72870
84858
66276
79806
18753
83205
92357
79084
49914
10338
39341
5703
86805
96336
95510
51119
31240
66721
86703
67703
35040
67030
18877
26576
76756
83563
88794
40031
65961
7765
61716
15612
1274
62219
24517
86096
59512
63036
70549
93316
73401
1328
96318
48710
19233
60385
58684
59044
8858
98189
57638
65320
34968
18820
93355
26698
48172
77849
48394
78130
91257
33791
48405
83275
71568
96712
7009
36461
63575
51179
30571
29202
19510
22620
62819
91481
38171
37999
62233
32838
56961
64404
76651
20060
47265
74639
82890
70884
20397
76528
74263
44393
20004
38870
77660
44503
70826
17429
74758
51723
89295
68699
35735
80438
24846
44162
32196
67763
84200
44746
47868
17080
61137
64200
27076
85555
99559
79466
31264
28519
84864
70177
35182
11799
12918
87434
10518
2905
34571
32149
21566
48790
23991
19935
46475
17481
61445
995
54504
14352
9618
72842
39451
11078
99302
52143
29182
52551
51405
28144
54844
60944
46510
49114
16628
62415
72984
9836
6109
53089
32436
94075
59732
55959
54895
96105
14278
20560
77473
62310
85745
3754
28529
4445
87962
97559
69353
75129
16457
11547
87923
47021
92121
71219
45961
93476
41809
18222
82537
86923
93414
73801
97188
12478
9420
25918
31776
90209
80173
87256
36016
13701
10281
23613
34730
82586
57295
13243
34008
35812
59123
55808
64925
37068
54711
20246
99646
66918
95093
8502
20457
78882
35196
95237
60216
82930
27518
24664
83999
69944
52327
59920
88851
47217
30605
26501
15670
55571
94888
90602
45357
59329
1208
69878
20140
27763
17622
68677
85121
19294
46863
86631
61953
94602
17604
53630
31649
9151
50719
33403
98240
99422
59956
32125
41997
64878
39527
93286
47558
61617
55229
1137
58300
93253
20892
1896
55207
26508
52858
86479
30123
50383
1248
31807
34489
98988
30417
46671
1660
43806
2043
59344
67970
62487
56870
43428
15252
69513
97609
87346
38192
36606
89567
82827
3354
85711
64540
76277
24747
16026
17345
23406
97580
59584
41646
445
28949
5669
71884
78863
15879
99382
96844
175
71471
65933
66639
15517
80084
36793
20034
66281
45921
19605
51558
56071
80227
93163
80320
38834
65957
11109
84174
97543
54811
52947
346
53072
3142
82222
51717
17936
1076
40945
41460
81728
74818
20936
29493
98991
49887
62005
22337
62803
35474
94905
25061
92067
34709
28226
69372
69069
39580
85436
94749
1540
46790
31553
54082
93074
63316
3162
61196
13792
16555
5003
50892
65659
18891
51546
96449
56335
16280
32690
42752
55254
76299
42361
42260
38058
21619
95758
83906
44700
99690
611
26417
21036
76654
82547
4593
75689
82325
7712
55889
47288
15977
34592
54527
14361
5290
114
41992
58510
13908
67597
10616
80336
26721
52549
86646
41429
38570
39766
4184
65101
59556
23684
88885
90147
33817
600
66528
32970
74904
68981
89266
59967
87313
8468
9310
54165
7212
74472
96126
98415
34505
92490
99390
25338
38512
97948
58637
283
68477
96194
73105
84003
62113
33571
46384
68817
63175
10901
81576
82881
10173
92961
53684
62838
43020
77766
2364
75092
41647
71374
46090
64446
46866
73631
12914
81698
23152
53437
98895
20714
55875
1388
73348
78634
70623
69454
71141
38242
85758
77434
16739
88409
72924
84722
25786
24729
25130
12086
81378
15351
78617
87967
40989
35803
55819
7018
53505
85326
48675
88186
71578
425
43450
32071
20047
53274
99851
98788
37009
98293
77968
19540
77635
69395
86539
98255
91383
20494
74976
8651
582
62416
68155
58677
90232
29327
59342
66868
89769
14424
61863
95473
4122
65088
47206
62692
46707
65136
63602
86737
59032
73528
84730
44237
15541
85377
92750
13231
94984
39565
9376
14973
23356
60390
22289
53317
72991
4504
13838
50455
67122
8441
63414
38734
36470
54762
86277
6111
72774
41891
16627
2388
72835
80327
80858
1799
75014
9901
23614
34683
35742
20292
16502
29909
3788
32266
32709
1560
14587
88753
65307
45611
25946
43462
84443
48266
36834
90623
41754
19007
96480
36915
9431
94626
16262
47891
42952
51133
81296
6182
39421
22958
26785
47151
29413
49285
14538
90237
12417
30008
75326
70957
87696
73430
90590
82462
39910
8235
70681
30971
16166
88518
40017
21996
71404
20965
48073
29699
51395
60181
76637
86723
75786
8852
79708
45910
65943
72667
51650
52263
67419
15152
61727
73432
61112
48258
55914
26715
36239
50430
1837
25441
21127
70894
60476
52861
37472
98480
35942
63027
35836
94954
72862
2792
14000
78583
34628
44172
48409
33215
3907
37737
83256
68166
97682
90812
32550
21189
49720
2451
57184
31820
248
95038
52588
44966
69080
52657
6721
90210
9971
94462
71009
60058
42060
45254
1651
15603
1170
55535
66970
13292
47538
54160
23198
3394
77629
57765
39558
53929
77638
80330
49497
93517
9782
13291
61075
41045
2058
22700
78633
69355
53658
48518
21485
57289
91548
43563
48272
75916
76215
24743
4278
9729
3147
24922
77649
87883
36264
60667
36207
44048
20725
73822
30000
13966
43768
88241
55347
7722
1656
692
7311
73762
4275
74979
73220
25981
76693
35696
36395
88447
61839
59101
23680
72776
24211
41116
82239
4617
89932
56998
31697
55477
20854
52712
29132
59419
59145
3685
13679
75479
82821
85544
15022
1865
89177
76938
65005
82774
81669
5473
92339
63774
90007
18713
34569
9902
830
6028
96507
39299
57174
60541
82094
55000
53255
35004
90297
74035
14515
2800
66491
38723
47654
96028
89095
42340
83419
97022
49200
18080
51323
58779
7466
50576
16707
99029
51600
87777
6745
51516
5661
87513
64498
99717
46076
66258
47879
99120
15013
47807
40501
52904
33043
20607
39917
95069
85001
67782
43319
70726
7477
51727
98437
70820
71221
32844
50623
42655
87186
23984
88888
77396
89759
37385
95682
76152
40318
68565
28835
56077
34870
37724
51020
51444
32236
37828
97366
76293
92892
73298
74338
93100
89332
76165
81443
37552
85712
89746
9224
35133
36933
10794
47253
20274
50196
63196
27327
81144
97023
33388
44160
65155
10019
55574
88848
23097
49063
96790
41658
43853
50005
98180
62699
72342
68491
70061
63590
46369
47617
28119
34111
35708
48612
18318
75863
92012
60939
72532
2331
34385
88408
88233
13222
47152
2726
94092
62018
60779
36955
53537
56602
2694
70753
23707
79617
78845
82933
47075
18272
95989
34539
13426
25768
20533
69000
15564
38974
97152
16657
22431
6052
23671
92327
22634
91552
32137
21836
84640
9700
23901
52251
56062
58404
31585
91168
23892
86204
39272
16595
92155
43293
79013
60824
72767
42055
36433
38758
1001
13539
20547
95693
48574
77398
43540
33011
84638
22505
1885
4993
16441
48473
61347
19259
82528
28132
73172
42801
80455
86173
16506
51907
48663
5141
84362
13097
66688
35368
98510
4852
67939
45507
14852
54721
46849
52743
99537
51830
42860
28763
81836
13505
43779
69344
12380
55083
97109
2222
76317
10327
71330
32284
12343
66280
86568
22080
88797
55802
2619
74519
83646
37290
63116
88896
39837
53967
18568
80977
50547
51985
95197
26177
92253
49637
53379
87534
41898
2397
89261
26325
82087
84253
84537
5961
84035
80964
66358
44397
5712
4271
30816
46770
31916
6447
8029
58082
24285
51990
44159
30264
4102
89595
20341
51439
57082
15577
73779
38774
43725
87421
62488
54134
13964
57471
51597
12192
35235
59476
68455
89855
98882
59990
34051
20490
78995
11935
88494
4372
53946
68332
73595
75526
990
14706
10427
65873
92852
41899
29698
9330
26271
71467
61096
35396
52862
14754
44327
73445
50792
84516
9654
29635
10410
12848
44588
32354
80207
10723
81860
15359
55752
43987
68608
37026
92999
80593
92729
35713
88436
51626
59446
74243
96909
82708
28163
46153
33995
19307
53809
8629
76099
64091
4356
2992
58092
68559
97524
88469
11792
68808
52080
42401
41887
1294
80066
73180
13485
66042
96503
27243
44824
43236
97065
33202
2513
46355
32717
42345
84923
78193
12345
29428
72848
91926
67440
29456
35499
98483
73018
90091
26627
31396
73786
58567
55410
25569
91003
45203
57404
1299
51335
47878
72059
7689
36073
89914
84760
58939
51269
97303
7898
19155
93584
66716
65597
17696
72275
48922
50004
94889
53635
61100
47102
81040
28905
51265
88725
47175
90544
75644
47812
54596
56191
21017
40348
27505
44630
17677
62667
55331
47967
61954
90861
57116
55482
89410
53824
50824
6430
43823
1487
60827
33492
43836
79511
98563
43970
85584
54761
15491
44540
43071
26933
56034
68109
62842
6024
13474
66269
65795
51176
3359
33500
62879
96331
91321
85002
26077
72118
59728
2507
91503
7304
37095
10079
3317
86828
37352
26245
34074
48749
42415
34273
46644
54676
15012
10150
14685
67374
66177
32372
33024
34274
32349
21866
94579
16099
17301
66519
24771
15484
46207
84721
54905
21295
41133
67522
57695
90961
90556
76488
12438
87921
67723
93359
56538
51899
24463
1166
70075
92376
18654
51347
60022
66161
42445
53601
90355
16491
59675
14403
40111
68515
27038
18356
59804
13863
28302
68810
8582
96642
97307
15485
30209
35524
67533
4225
76548
69226
38888
39806
24265
17031
40840
83941
42857
34110
64409
43554
98247
26985
71438
74414
47925
38526
92654
74209
22389
43879
91224
54351
23207
20155
58869
34013
72878
51720
82830
61637
34558
85494
65889
52594
75495
1361
85158
25575
6371
93181
86919
11613
81602
24778
16839
15102
71262
89650
15347
42647
14602
8922
7924
53159
47936
60025
25042
89712
23952
64828
68648
79409
5921
15054
74794
69146
42455
67718
80183
21549
52387
72778
94111
15334
29052
46139
58256
90637
22876
38668
97897
46721
85910
55497
9613
85530
92954
55061
76967
37782
81912
66152
16565
59389
39383
93091
99613
244
5026
28160
61239
15617
8165
58368
89160
31798
66314
21839
97406
19159
30381
29777
79498
87158
58755
96874
62798
26579
59832
31629
57391
83857
88508
36043
69369
72456
5164
25804
493
19254
64869
35014
13430
61041
26282
47548
75835
22531
22743
52705
69573
25308
62245
33106
63327
68924
39361
73179
75824
231
32705
76635
48010
64262
27428
69689
63804
41197
56639
98863
22633
41911
6509
41655
77136
95194
13586
11529
45303
99647
10692
57558
14243
83429
34059
72859
81657
17932
46334
99278
59726
28764
93186
46353
11872
51750
78930
96945
4710
81737
23199
32763
56117
80986
4176
355
80418
72039
59638
36646
10765
18816
39099
42727
3901
37577
88419
69128
85322
43585
94315
35096
75159
58632
89758
36032
7461
71291
95671
10757
69314
33645
64006
81004
27358
284
35102
7899
19181
24761
60510
3331
90018
89053
88774
37500
12106
27134
51580
21503
36973
93529
79112
53937
79969
35393
37624
12449
66047
46228
72198
36861
30013
83843
69881
35465
58727
76704
92453
59769
87856
72510
25311
57245
41256
15551
32383
17648
42549
23485
36686
38280
74846
24883
43640
72388
44114
37764
79404
77255
82067
71417
98572
39724
77170
85251
98407
56629
23849
44118
64968
49930
64186
92371
13497
39870
71197
90109
15700
89837
83476
5340
46512
66104
91277
34063
79732
82687
52658
44105
10179
90191
11938
89294
18045
98732
10448
39929
57990
91575
25279
53354
60082
25642
43923
81768
15056
6697
94959
4681
25263
99664
12071
54474
35915
26294
32455
56372
83312
13789
35616
97327
9772
69972
40976
25184
7197
65381
64673
1937
31783
715
43028
27248
10691
50320
67280
65354
73139
18353
65487
64640
74953
2509
52367
45666
381
46679
63769
26890
91119
8969
78040
84178
27847
37793
52581
97461
44466
46213
74214
77249
18642
82611
34238
86688
15669
95893
84881
4091
34208
22018
27659
56560
17885
10405
12329
57944
36082
42926
76976
37388
64483
29318
32592
86512
20601
82474
13578
60426
32167
76740
23258
17863
56608
77179
64880
24080
452
71842
7499
36114
99969
73544
43810
68512
86215
47550
70683
85107
90166
38185
63261
4098
3199
52746
22043
88637
17737
95694
95481
60888
23240
29390
34278
50742
88553
80753
3116
22075
85807
7078
32363
45777
97599
53183
69004
81454
26035
94543
82507
31764
62719
45125
27439
85227
7390
22297
5184
42236
14808
9485
3470
42656
83954
14586
65728
87315
59115
62981
87195
37733
27823
78945
7814
45397
96005
90382
43736
43370
34449
54171
68441
37654
70707
6341
44868
77584
98725
60348
40218
17667
10918
65068
68635
85834
9452
93823
23899
21220
23367
58652
45944
71263
78971
91316
83215
93052
78495
68061
31024
70668
14449
56192
82600
49440
43031
86785
26759
25595
97309
46042
34246
25401
47700
20398
81971
11671
76415
21128
63130
56882
54009
45788
64707
42302
46647
81499
8628
96031
60378
74159
28917
73846
3612
19823
36572
52032
8476
30901
64908
81917
39935
24898
40285
28418
97519
64318
44552
88564
7764
3706
12716
63353
70233
75737
38184
71243
57554
31660
40159
85128
64777
3618
32678
408
79032
84231
33394
35618
39258
43075
71032
92673
43022
97931
78641
12201
35199
95150
43598
64969
38132
80635
95467
95765
62517
34471
3979
33476
79284
40269
53675
76607
7894
84144
29337
85173
91589
29514
62930
67561
79900
37247
93665
29084
77590
73309
28695
20994
7318
483
68607
87429
60971
75703
79094
40861
96509
20545
79442
93122
41644
28716
82125
39866
35284
44638
79878
75804
96436
81280
8870
95251
47477
64266
80692
25002
26163
53399
8650
19268
87844
47396
81061
56293
68641
79143
31688
20764
22974
25464
15743
37955
92056
87339
67525
2780
71538
38462
42665
71115
14649
36410
69607
55750
50428
64227
46424
25864
97053
83193
884
15717
39259
85111
78944
47524
98452
53617
86286
20791
49500
78347
53564
2095
72126
48888
60108
44642
67669
49788
78279
10872
53459
3647
32897
45232
32983
99311
54423
48951
31040
17178
14001
96088
51458
98249
74313
62574
66272
34833
66911
38347
59551
56635
90263
51534
96670
80273
43866
97861
38093
26349
1017
64136
57106
93485
92273
37648
53648
74037
97455
17158
66839
53888
75620
65555
46996
40477
489
74384
90402
6408
77262
54789
36511
34023
62644
53814
23861
58254
87571
73819
54141
31957
49464
75980
44482
41019
47940
90365
11528
24762
65807
69766
12763
29529
1157
97223
52167
3296
55961
17356
81805
86500
92238
22487
77698
69180
20535
8089
17480
82546
82164
23313
72725
92380
23454
79450
2139
86375
77768
97283
27209
94344
15099
30744
16248
75244
80704
28692
85552
54612
3831
47934
15938
16587
83184
97742
96479
20316
96039
84847
34245
20581
48001
80517
41787
7626
96069
15169
28415
65344
26780
95767
58225
1370
34115
38
96587
92906
71977
8046
80326
32453
71458
96478
16751
23339
54464
28974
57445
68086
4506
13995
75421
33074
19803
2365
39301
59005
31587
44569
41308
22365
36817
71401
63412
560
92205
71484
94639
67834
23736
76762
78839
95353
18399
32310
38353
13960
67940
31737
27840
72085
98586
23035
52992
65830
29701
71999
39116
56584
78459
45286
353
70999
87980
51412
8802
98349
86198
7868
86450
95039
46886
50757
20343
55985
3175
32476
97547
54067
52556
59417
17146
58345
61107
10579
53771
97216
91021
5355
49519
93684
80826
50179
68722
20410
28427
76092
3127
84916
58942
86485
80975
7488
43625
33707
59907
16380
50536
87639
39077
62818
53569
23053
25662
72215
38672
11187
5188
54032
81368
70146
2813
80138
45947
17613
60962
55264
82030
94410
41456
44716
70505
62239
75172
39777
67128
7352
81460
82735
5484
96151
44064
6467
62460
62657
32673
14625
33918
92815
99262
26754
4793
74798
87591
54786
53926
87733
39462
59899
35491
62691
48248
2602
35817
71383
29322
13399
89094
32116
51961
41595
43441
19855
28891
36938
18767
1165
18259
96174
823
19016
49834
63451
95041
25172
79200
19698
46014
69374
1398
73343
73517
17099
4387
20514
42913
53430
35772
3947
19109
52835
89822
35271
96944
24775
16415
15754
42603
85808
69935
70188
89412
40494
64713
22587
30459
39831
38249
64214
97496
13156
78709
2113
68169
78639
71670
69488
94137
1009
32300
58301
53281
25767
11693
53017
64253
5750
94436
86129
8336
93198
60251
20294
19341
27688
93914
53144
57465
30085
82145
6222
38794
21028
49690
19623
63326
9037
65959
32986
79375
34676
88806
2241
1412
28805
1879
22412
32493
59663
15328
20864
15896
70184
34226
91221
33014
48027
18699
87334
26920
30095
45334
8563
93404
81006
16098
98213
898
16421
87928
714
2972
94342
42257
68263
23542
22627
35195
22005
3260
19934
57054
48885
60424
94628
22725
77003
22112
90806
52196
25247
82897
18507
75787
54793
41720
32869
23656
56246
58758
83264
91651
52509
59670
45816
10897
96924
7854
17363
68293
17881
53876
820
39000
91480
38648
41500
5112
75520
43418
62461
48037
73248
82989
79119
5546
58876
38892
219
7283
87140
32515
34848
2123
62797
54419
31868
95607
24912
49650
96695
59385
20175
79728
34154
80176
46382
59776
50504
67565
13755
54815
23786
47823
80265
59988
39283
50056
99810
69061
72557
91666
52698
23304
57484
79641
60288
69975
26150
61860
85654
45049
52097
54383
589
43211
73951
44926
51102
85432
27403
29129
24759
64627
61880
49568
84996
36508
56152
59787
8245
73319
15083
68287
10573
34736
54667
88421
32265
51957
89736
29469
6819
38031
4057
99411
57721
54308
47304
3983
93109
10211
62261
62221
43878
21552
30974
13564
11452
64982
37938
65416
48813
89589
39101
79089
32485
39251
30109
89828
5130
93973
49808
70542
50847
69167
92547
95426
94148
69623
97255
63491
43992
67136
34378
68834
41865
27225
86556
41453
26252
59610
76224
10165
58619
43961
16451
51552
48592
32341
85414
15376
38228
94627
41244
48254
84398
1773
23534
6918
80744
96684
14327
2637
68416
89485
63611
90015
36870
62752
15129
86437
74625
71992
41107
48820
24780
14182
85122
20312
98850
17112
32345
97902
33146
47699
95131
91424
56637
4669
44099
40609
24720
86893
60408
87153
25914
20243
69083
22526
68369
66018
97525
32119
46208
13557
46744
1233
35364
84739
25321
47649
37056
67496
26495
70846
52638
14131
99991
47603
48989
73323
73485
7807
97505
54734
30510
87131
41438
56845
64062
64452
54475
25479
7960
10385
80682
81098
85229
39691
47487
77769
60223
88346
59416
768
14743
8702
39200
42550
34017
12179
17169
6709
57731
13805
94131
55049
93395
13336
44565
94637
28802
21321
44558
47314
74191
3167
7897
94971
7875
40894
65148
31098
73908
93574
56694
73968
51026
9447
64496
55369
86814
55842
57624
21166
57878
3718
34250
90043
81872
12075
42876
21518
91106
70523
29335
44122
43410
94702
30587
29432
68256
81799
74138
33861
48882
6890
8328
99268
76225
81877
8570
23493
84449
75651
45245
52074
79027
80540
62225
94179
26088
63016
95472
63411
2763
49187
60703
27691
23625
27807
51668
36734
29032
40848
93412
54493
84744
37751
29797
3063
57042
3377
87796
61226
6627
12181
98166
47134
91038
23527
53591
32298
7535
22181
92643
20586
2732
60687
68135
51511
3591
35434
74634
20023
22841
85335
73521
86242
58192
48344
28081
24772
88950
95409
4999
63598
10714
4757
79241
22537
21511
17859
45330
8010
59851
82892
90785
27201
7245
98438
95639
74236
24738
82360
36434
67534
17554
74264
49867
12439
81114
30195
56014
22682
24191
45446
64001
88466
43107
71027
40134
95405
92429
69335
72478
75104
56045
29770
66478
82444
98821
8742
1360
75603
78164
81010
26616
84758
92152
94764
53515
40580
51754
81302
9933
86707
34981
92467
22552
2512
33044
98985
47210
23385
38333
26026
16652
65194
41306
79460
28822
82041
68599
29526
97138
64657
5479
22781
67558
88141
93302
387
17176
29446
11247
75592
91323
87765
27810
90163
84359
63862
12322
71749
61217
33710
59721
57430
78328
59439
86513
69358
4125
60493
1904
53063
15300
34395
64455
29945
16053
40360
85333
57332
4621
14900
77500
97654
63889
4859
25011
63181
21322
40044
25370
23563
56476
59795
45067
64289
9055
36179
58400
47951
27312
3715
17612
47873
85746
82468
56473
1626
32693
70194
4932
32833
92886
39572
99285
8232
26497
23480
25429
12864
64555
5221
59838
58997
1708
31226
41388
21171
24536
75321
54451
40872
24717
46030
24781
55801
57369
57163
85186
9359
46329
65738
24626
8615
29743
56225
95779
41384
34941
78596
32848
12407
99743
16182
23944
27098
76372
83360
27116
50842
94194
177
73436
59275
43680
2692
59089
41529
21243
21895
15877
29047
17826
61043
22649
35835
26712
68496
11803
72420
94353
91176
83349
12999
21142
97709
48169
35722
59591
87324
40201
84220
1672
69691
56403
47762
81316
94383
28385
83038
2611
76340
75186
44831
47223
17051
69133
63898
14744
30771
30835
18067
48464
55651
60345
64945
10328
89042
55694
45895
92427
34902
65394
72114
10580
55349
24746
90939
2734
97425
75420
10950
64350
80039
81821
52067
17952
17461
90588
51266
85116
25759
46096
19665
54265
71956
3177
21203
70134
57340
66833
44612
70662
97408
94780
37806
37344
92050
38397
85312
25718
5991
8130
75268
18011
82955
51212
87165
6910
11819
93803
14829
75201
20420
92624
27230
50301
13367
73416
13866
8385
79565
38909
21932
81372
23247
25109
1468
91988
20906
96559
71275
19492
52892
46769
50352
49486
1717
58165
68866
88256
43214
94992
97075
13881
19642
74582
34313
87787
12377
42028
94098
79980
38821
9601
11980
4025
5676
65781
51046
43538
70873
10452
89249
17995
18976
52974
62340
51778
71846
15011
37292
33296
41399
31048
54760
24944
49505
2207
48309
17471
84415
70292
14341
59948
31747
56976
18508
25205
45014
1925
34164
34202
68102
68034
1423
40296
52171
1002
32289
49434
57443
7774
99167
81969
28633
1663
73276
96987
52356
72770
5129
79623
33957
98878
84709
71323
61978
5854
86334
50103
58088
95831
81640
45222
36333
61490
42844
91804
58732
65821
16701
20917
15408
47327
26552
19323
15969
52238
72562
9766
30741
27311
64696
50947
11811
38635
65367
48289
27653
41693
13780
63729
94402
92112
34163
84764
1706
36721
13884
13609
32489
31598
90740
55481
83757
96484
84551
424
35838
41010
1608
68221
43771
5797
5080
60436
12112
80488
43423
39082
36499
27131
14540
75685
84627
48738
73641
97773
66227
84665
24677
75157
22925
20995
39438
33654
97139
19757
98695
15970
80591
70453
3074
94019
54557
6973
79435
56519
55696
6732
38240
76961
16759
13612
18630
7656
81958
63047
89880
61281
6469
56880
97200
24710
38285
19641
60851
6078
38451
27210
20524
69621
89016
68195
97258
46145
32735
2200
69579
69567
41580
32107
18407
30171
36123
66522
34768
10099
72949
24000
53580
26160
98299
21642
702
58440
72622
74869
13676
36495
84280
82098
95179
77670
42637
78551
13918
37763
71849
59249
44917
50256
18655
87652
87106
29931
73620
76394
28922
79250
56530
60260
5362
60730
12476
77045
57426
2115
94249
32795
3485
23550
52641
62321
75908
81753
31745
41748
7838
97226
98285
19012
25826
243
40151
4556
83248
95690
34237
74704
53774
7879
81649
86543
53869
19822
5264
26777
99959
10912
55052
16103
56776
39968
36320
98137
36243
81337
31462
23593
79842
19648
39118
43348
76038
18803
97248
24672
42512
71029
72313
14029
57188
49678
81033
44407
45574
68715
72621
85415
3760
22586
65811
71470
69665
96537
49528
25132
81215
42267
2959
68360
16589
67933
35784
63719
72207
3254
85074
38004
38520
29099
80908
73784
19692
53316
87893
47692
900
52542
68843
86841
88528
36259
72134
11476
56957
96104
43328
12985
39277
79901
88783
40870
40570
20843
32245
49270
91187
28312
48812
36178
96692
67250
11725
45409
80667
4430
68661
77472
22251
13035
53103
55204
57076
28052
84054
32924
14513
33694
72906
5477
22179
43935
67396
33131
50108
78326
72100
667
46089
47707
92344
93985
74393
82616
7257
8747
13418
7284
79490
84397
81651
62578
39158
16887
30054
97617
63699
19051
4284
65822
60156
97106
99665
3101
75355
13210
68847
3805
20617
72058
17103
2384
32312
67504
57250
87776
12373
77565
64533
81035
48386
28173
38040
50860
40594
10013
34523
22779
99168
95006
31711
24315
84542
87001
74430
19433
34174
18842
15218
7926
44310
90554
18882
33804
64988
63106
75530
98833
21786
41251
22881
20663
71995
41742
68941
34606
33052
63686
62606
43220
69326
89343
3227
70428
70675
97825
47484
48038
96925
34213
13172
29912
74803
86726
54868
23612
46818
67133
31684
62632
949
52120
4060
58566
65451
62495
69283
62671
12584
6336
61259
15271
13110
39456
84801
50943
77148
74120
3545
2010
93957
42615
56711
53392
65001
24880
8673
92456
88027
69408
9876
1135
2781
55042
33482
68176
55531
35397
25199
52294
56186
98158
55518
92863
35920
73646
10436
21871
86915
88279
42914
62961
1168
20614
40187
69182
38244
86642
11029
15926
59929
79213
78160
82350
95679
96521
80608
17803
19485
5299
82950
61642
1200
88487
41289
12285
87872
87059
53283
50994
80147
17393
87612
55661
9550
49333
52667
23756
15118
40364
26930
95320
36753
14092
20648
42833
56593
50495
58822
42049
79376
58348
10121
26111
83484
37230
72128
35183
35057
15954
34829
23073
17802
87666
9507
75716
64416
15901
73433
59712
78587
58818
58383
75168
48078
42534
55728
70247
58141
70010
58660
20236
44778
81771
93569
80721
79421
23110
75663
57573
22395
21393
10719
44100
85966
61230
89578
1596
84433
64906
1851
69702
15776
2973
45645
15644
31362
35993
88557
75286
97144
973
10265
10474
26179
82996
38754
13119
35877
80035
13127
18260
85763
69619
44928
90632
92388
67831
44924
84175
51829
17165
20750
929
23737
13263
11022
89566
23753
30485
82705
44083
3606
24436
4389
33207
91605
95919
1180
74981
53678
41024
37909
62243
28468
36431
19211
83102
26374
97910
11123
34249
39538
84218
60960
3656
44197
8198
11609
1593
86435
65171
24388
11719
65463
44322
39024
89169
80151
53693
51470
99099
89038
10239
91702
17081
28561
70222
97429
35923
72893
13190
26306
3566
63764
13682
18501
64613
64120
70956
1186
40702
76952
97633
2376
27845
77614
29308
18457
96387
72517
65677
49168
33737
58393
97008
21013
12826
39445
74773
31917
79613
6987
71447
80112
86754
38804
41161
33472
1430
27498
37378
41015
82904
75252
7618
71440
1958
98644
6038
90337
83882
41436
72491
54645
55956
19615
30948
40627
94564
3538
14264
48942
29242
89670
57487
89873
47419
86403
56600
69065
58218
33924
44092
16010
44972
9594
69815
56932
49873
86808
11306
63536
46456
87710
47797
98030
60708
91325
17434
51452
61156
9541
71987
27337
60846
54108
78593
62198
12509
80524
13645
73361
87056
19549
53380
96339
237
63420
36200
69840
61256
69230
65174
98708
44727
60310
69866
76897
7624
53479
25515
10601
81392
69315
7969
99459
73418
15291
96041
62621
2766
37742
53939
83710
68908
97824
81348
4007
87581
88090
20430
11293
88165
30024
63251
86719
59366
55749
23202
39294
44511
48656
92993
19120
34670
12435
9379
83787
44390
19885
19567
36736
17521
87160
69155
176
83398
30457
44346
63422
97469
34943
90829
6800
81580
9097
20798
41405
94608
86279
14163
95844
29325
99359
70789
54003
83987
42221
3107
78215
93309
2011
9658
22198
37007
81467
6083
32953
74564
60823
5505
6146
52661
85178
42157
5846
66985
31
15705
13087
14130
73913
10553
749
30680
70585
73117
60266
92646
75586
91664
56526
87574
68253
61057
1805
64154
82912
35089
92471
89519
43590
61466
89036
66401
6562
76797
8431
2553
72917
6383
11948
17602
82318
51105
10633
64963
49577
96058
15933
70547
18142
66403
28307
5996
69591
1683
42297
66965
77039
30423
89211
91096
38838
50746
96125
82671
42313
95195
22597
48893
88348
92781
20590
58282
34959
9433
94079
51436
43345
5108
26705
19601
41222
84438
1820
4322
56430
13071
1466
28433
30403
49176
3777
78284
5667
82254
98998
65033
50279
59091
58526
47723
62269
23834
72932
57183
62646
31736
27308
60243
77306
26356
32016
58337
33
12014
39208
70652
25126
52780
9377
37306
90700
4379
50143
24931
45137
89553
34850
4631
96350
76048
83334
19423
59343
6703
65430
93057
91010
24190
68650
8949
22305
60235
12469
45009
35538
31536
68821
45321
49382
94797
35116
89521
10192
90177
49972
9316
40507
55139
10036
58875
32534
42422
18236
98327
29135
38164
72666
97613
68536
36608
22947
75476
73358
95524
8408
85238
42895
38235
65812
80780
62503
54356
6326
788
50987
20988
43094
36496
70465
54059
84244
43128
74011
89833
29725
37814
41442
68498
48781
82734
6380
61816
80925
14916
26504
2595
71946
34713
20527
24563
81109
4698
40787
32308
37784
54384
40045
52986
82267
98467
72541
43469
77345
44652
3897
5259
15646
23719
98665
91146
54153
77059
7675
50042
31888
33141
31755
65115
12733
24621
33238
58175
4746
91563
82796
62624
89779
97436
69184
88604
31467
93171
33471
98888
33853
58340
63417
66
21869
90744
22332
36984
4366
16089
51227
83010
89866
26421
76433
39624
91684
87488
9014
9023
95051
85163
49377
11747
81780
65976
70334
42163
78985
14981
41148
85149
99795
58394
4175
70840
78089
71929
8531
55449
1634
67613
28564
47588
36577
37102
85560
72025
74101
83930
46357
22976
89961
58128
33764
61114
10548
90722
92055
87671
90724
56008
19788
35236
92995
89777
8239
71969
27982
68508
59272
76579
64443
62265
93203
72185
84319
96940
19208
41861
33672
18564
91828
94996
22087
28585
32823
76508
70049
86844
43421
2501
45796
14148
44144
86910
50518
89358
34225
17663
38000
87911
60212
71299
91253
12562
27215
86769
42104
59362
24372
97868
50716
82058
81719
76519
27801
8345
2710
4018
73371
44341
89958
69328
79521
42369
48537
49965
49936
14036
26804
2991
32504
87250
56214
5236
36
57121
91488
36267
73754
22935
58039
16622
83654
77552
90610
36778
65260
68444
93400
44777
77496
79631
43003
92480
29486
12614
16183
56693
72201
88
76839
62289
51609
15673
78494
38479
27242
50799
97561
18252
64587
28811
79188
93460
41532
14164
83023
86054
66565
95324
87823
26642
82021
56661
47996
80304
33604
80853
6253
85341
40384
34727
21984
43303
92220
39436
45641
55079
1969
13622
65408
13875
63127
57987
96675
84809
33180
49310
69068
75056
87759
64978
71891
22808
69528
44517
61155
17244
97935
4811
767
94574
17156
66611
24934
35229
12233
70416
13988
35314
45714
48814
71998
89007
31252
5248
35291
86156
70221
13008
89061
68286
59983
8590
75696
38786
15314
26317
89562
8960
42447
88682
57886
29262
97724
83456
53801
77493
27753
13706
38124
29644
76297
3135
75870
23832
24039
33883
69952
7267
96223
9249
25762
13076
89829
95986
49907
3957
18590
28237
41225
55154
54712
32009
5768
34944
44305
28945
40882
38098
42482
23122
14530
94647
18292
61580
77367
42519
21453
53068
53432
33059
8695
54860
14015
27641
28721
35874
2506
14941
97947
74806
86126
87721
42513
59457
19573
50040
28925
47491
95857
36463
3037
65216
2716
6176
41698
48579
11258
39964
83716
96435
86159
58075
41323
29296
49818
65447
93407
82744
41393
61131
26669
80379
42044
38328
74511
26548
93291
63714
45347
79753
89854
16703
49527
48699
8150
59767
55534
23503
81375
59114
79396
90572
24074
91752
50650
4684
93541
27108
18926
56537
74174
47270
95814
80202
54417
35454
41934
74161
80186
69327
5970
67457
88224
95837
5121
66703
84295
36022
25717
33080
79547
42182
53826
38206
7984
39892
58194
4490
11427
4397
54018
6908
47118
13871
83688
3558
47203
12633
43804
58138
28563
608
60360
64280
18700
59333
27103
91053
93280
90670
46048
96691
19074
5490
29317
8290
96998
83330
83903
74468
94070
37760
94550
10334
58563
26543
14387
32428
88471
91971
83489
49225
34659
55974
65573
48815
85762
82512
23763
59490
46184
52206
45455
48356
45054
64375
16485
41445
59037
17180
15531
99145
58050
86110
34650
84204
803
10593
55008
94504
52830
10943
33002
96222
26849
55753
49986
28790
66727
31800
20242
80325
55849
30045
37752
78453
31871
15349
74267
34205
97921
83584
51508
47590
22220
54123
74764
71591
9135
39058
92977
55226
65530
18196
21090
74557
41391
46810
43632
82492
41497
94181
48367
16404
94135
27991
83006
38749
76925
50174
62041
11836
55334
64331
56833
18665
50289
45581
18026
43373
26594
13762
7996
93727
38868
14594
97364
96682
70711
85926
51897
79065
24928
47244
59022
18465
54594
94252
9160
45364
46761
13631
64098
30017
4155
64597
70953
27154
76726
46827
11661
65245
71332
36311
30486
33992
45187
26842
1676
1363
18337
11400
42312
9473
50948
8127
35974
57581
76765
8064
3909
94066
14412
26817
64077
76115
98775
754
21100
46835
54834
87738
33355
33531
19318
463
67491
11478
26340
79168
62421
29849
4763
528
34621
66320
90459
56083
93789
20646
15453
90108
78391
17082
73259
20876
20810
99599
58989
68231
60279
22343
4944
26839
85210
54293
27027
50332
99584
38999
11953
61200
37150
9324
15488
72873
60207
69081
69505
15261
49062
98675
84378
43276
66794
10488
62665
37470
2410
7705
56750
78646
6523
38330
54700
3044
47086
30985
72962
95017
60552
52400
78998
77204
83878
9283
30705
94941
9268
36078
54366
54248
93594
7826
51098
563
11439
66550
69872
2116
95028
37613
27615
25750
70877
3488
91330
93072
78970
48616
95852
79074
50365
9919
99384
20055
42330
6487
71255
5880
68516
96842
76016
27519
29956
79504
26366
37447
89706
39790
75022
22523
34379
83763
74693
33468
48032
77400
36814
14628
63928
52911
3687
53553
25214
83470
30692
36807
48630
40919
63056
1849
22528
79447
38709
90604
58707
34877
96525
52049
78511
57500
20331
49059
7433
26820
51581
42835
61126
38200
83323
27493
5334
56865
55498
98905
41157
29013
91189
79818
29549
79044
16087
40495
45717
39782
49667
67511
37207
9969
54707
48287
61848
44651
46132
5831
71746
16068
38266
76882
6306
72370
47495
61867
50323
36175
74411
60671
29217
31084
87146
68877
31966
83681
13342
89195
91859
62714
29586
11570
99078
32471
20325
96118
62291
47012
76369
88345
62131
68160
51671
63877
8252
89937
19844
89475
46100
5068
30361
60872
2354
45891
92770
61641
88230
65813
90683
29370
76809
34320
25365
72904
6063
24598
10131
80143
10132
33633
81778
70684
58303
63727
32472
6707
80204
5782
79857
60932
5928
18071
75932
799
12708
83221
70792
79850
20783
1276
74310
54157
8789
41129
37291
75344
64929
77703
57574
19514
14609
84047
7339
77502
74057
7247
42654
64563
15826
59585
79159
46028
12333
30919
70228
57914
32918
19555
46429
22663
95912
75639
54225
25025
37539
60184
6663
7975
65494
88900
15974
16432
73252
35786
36094
57884
36638
34376
8701
95226
33575
56609
19082
95205
50378
23201
56297
81312
19453
43826
542
99902
91829
38220
21747
20643
56597
83035
52458
79055
4952
75398
81703
42244
31142
61491
94317
83639
57290
68308
59048
89398
29873
9416
50607
69861
98919
73202
49974
17205
98964
39235
80484
45654
15127
59806
52027
96974
11839
32889
3646
71475
77091
72358
90653
62433
61751
17296
54644
71714
62179
78433
41554
12269
45970
89436
55464
88779
26866
88120
56090
30325
16374
46988
726
65720
47774
19557
15529
29726
41485
821
42803
67967
20282
95637
26067
27019
30882
202
36197
60013
44910
43145
92645
97010
37745
43337
98787
42057
30198
41882
41173
97965
18970
5265
51490
44039
63254
8489
65588
28998
89796
13271
67961
14719
25057
21699
4552
72970
26162
60918
43019
17890
15672
14856
51491
13500
90937
58550
35714
18198
72288
92325
2334
62253
35978
9396
23058
30137
22499
23000
9662
77864
22577
11249
29452
74044
42029
7749
12980
97290
49050
16346
3334
30850
73562
47867
69161
30772
39502
69835
65638
73003
66102
43735
31058
50420
70596
50873
48587
20869
86124
80220
6382
56150
52790
92498
79098
29294
84379
7939
89174
17931
42658
16329
67721
49449
17763
86423
87969
85141
39484
33776
29811
53480
892
92822
28897
98645
98023
31515
6869
80641
17162
77867
68502
36605
37885
96644
64611
91974
81385
72988
62071
11855
82298
55805
85664
85663
4828
37656
92239
14085
84323
13993
74776
74008
373
16478
48586
24572
16581
80128
94171
53199
27745
6905
83886
77791
49218
95676
90772
34392
91677
97596
52525
94932
10088
51011
24209
57337
70810
11164
90750
83056
15794
92669
10934
10286
97099
72164
61762
72985
13663
24970
85684
86541
66016
49991
40824
74624
18641
57209
1172
47948
70875
7888
87175
54539
18637
85630
78159
5923
40808
22595
3642
5636
88847
94189
75511
69179
3380
4297
71832
28590
64345
46292
74565
84782
6680
33410
6519
31267
4657
112
72219
62096
76200
59332
16221
65888
48238
91090
88632
71907
72786
54899
20427
40643
18709
35857
81904
12770
12712
29261
58529
1983
54004
3145
8105
65905
98221
51864
49927
69075
50968
54636
22260
16941
5427
63055
52987
68891
74673
63005
73791
59423
20361
65931
35861
94486
56878
90086
94514
65387
74717
5853
35050
49290
32396
23280
64072
35322
28499
59901
25808
88116
58952
51154
89015
78838
37750
70929
39189
3808
43188
94731
68162
6486
22812
90413
69499
92775
27427
64438
35717
99865
17014
36413
75431
57674
98243
51035
96753
83099
27402
56859
78051
17028
40539
26392
82960
25772
47298
39629
33627
90732
36600
15276
70008
12510
956
81673
11408
22095
67247
57629
35822
83167
9898
59739
65965
83141
1744
66004
2438
90979
4496
76674
52806
88126
18801
61214
88411
27945
50470
81308
96519
77988
42391
16803
40203
56627
62319
13705
81979
48147
22299
19329
348
90562
91130
35414
5159
31839
58735
51942
34319
30279
1632
78259
74711
47066
13934
95611
42072
21101
83413
25709
34065
92153
64447
49079
67182
81242
75947
99492
27274
38476
28638
81921
70925
38021
8222
69137
95685
70731
1284
10546
99184
63180
93197
68957
23491
93239
91023
31210
26648
57416
30592
19340
21843
76130
83799
31890
91583
27592
1289
65691
21743
67968
24036
78056
25877
9904
18410
30700
73776
17660
11081
29755
60011
28411
78921
55901
90831
73541
21947
83046
87719
97990
75492
27151
32056
23362
89645
18115
71713
40349
65308
74828
36872
74859
58286
87843
50845
77589
59820
23686
18066
78724
91409
75507
2258
52128
68806
78446
59147
89172
46892
7434
71165
15616
18099
67827
30651
81371
1492
82300
12307
60271
58097
12398
78499
4640
59304
35926
51932
27466
57784
94465
81943
82010
72928
79794
70744
94718
79886
99312
7075
11222
19793
51669
76982
36799
94048
6363
52912
88038
43182
31961
8412
90607
21086
93347
23661
13575
40234
25520
53572
67925
35945
54452
27339
33552
71500
50642
82635
7005
58439
27539
24612
44289
54990
96760
27973
86894
70607
28727
61087
13267
39449
78602
1737
47068
37630
40488
42434
9245
42284
26503
88777
46060
42991
1367
24945
94978
58759
36074
64690
62048
62120
80353
25723
75039
76597
50118
54652
38180
96810
35359
23275
7534
81292
53075
72183
26186
89908
68844
10697
71739
88558
95953
79488
47412
86506
83582
88923
37978
53420
67008
86301
4150
8067
93808
56474
44365
73296
54422
31146
89186
58313
85169
87081
89508
78293
24859
41490
58214
58511
88018
43142
14132
32424
44645
28008
12272
16233
11073
63565
5389
78363
42670
97471
73118
85617
35732
95618
11796
85546
70231
6105
80613
98160
42946
38315
64608
51018
68558
87572
89677
45474
92072
54957
51021
91346
96163
28090
47246
63970
41025
59066
41892
39432
87920
78225
31443
10213
61323
52383
78150
85601
12140
40427
88840
6773
74490
99400
8994
77077
1459
12606
59611
61451
44415
27075
8814
45559
55818
93608
42068
14437
56759
54994
98803
15521
5713
65552
67918
39985
4962
82256
75568
72769
24562
15501
17498
92856
45233
60882
41965
81569
34566
59545
62943
5851
39224
98307
44833
94006
39197
41991
52753
29865
66791
13012
4452
12593
44074
74786
8234
55778
76339
21384
50388
92199
34720
21059
78739
12122
30139
68890
51104
94125
72605
99438
12287
80158
32751
63789
70450
81200
74940
49765
77492
50793
7303
9555
17609
46502
54327
27288
77040
85012
33973
23316
38136
66832
50935
23194
35436
92351
61620
91515
46896
75614
1296
74446
71225
1980
44136
93688
99748
47173
1855
11591
61514
97907
66283
38572
69049
89926
72154
30133
4689
46117
34702
91706
490
8201
57872
41768
54988
39093
3431
56136
9557
4466
37511
25215
18669
73359
16885
80777
9559
55930
3047
94
54060
71917
68897
98565
77055
6381
60957
21585
93847
6288
7918
34415
19801
52642
22535
24303
10728
77362
53251
34838
27366
10544
26733
56318
10817
52898
60579
23289
80981
92541
22990
94679
29530
33821
14805
85610
73119
26688
69258
35738
38884
76175
31733
41383
23012
69036
27503
94692
60311
38519
13126
3554
80563
80834
86036
84667
94463
96200
53955
70155
71038
8575
78636
90327
92792
64230
77129
87091
69269
70671
25760
77060
28100
15325
89505
82681
2042
85176
39393
30068
98402
17871
40383
47009
50678
36134
45599
42999
1107
89661
94319
25687
23520
87433
56308
93045
98117
42279
59084
99747
64264
72781
55811
92610
13117
70447
90973
87595
40052
67744
5560
45372
10424
72423
24045
46341
159
93659
37789
77713
46168
78769
51865
91281
58058
37584
81190
56881
82370
16734
60731
25514
55588
97975
20164
56341
86155
90115
10775
44128
88684
80232
96447
29174
20468
75627
96600
37419
99974
21024
31003
10512
71313
71640
41632
46985
20202
94994
12604
52624
32841
82977
74257
72877
76611
61983
24261
78703
74642
84172
1967
72580
16276
87309
44446
38969
38561
54196
29830
38735
25373
83474
78055
73176
86849
83202
28919
68915
4047
97904
19590
95144
16115
40020
72986
84263
3121
44649
71010
99180
98906
33685
85120
93636
64439
65749
65244
82534
93
71595
91912
18174
43329
90913
40794
67050
94340
84583
18128
67028
62566
19595
87265
34093
4756
3040
26650
8697
24546
69820
42443
94025
51268
96558
11023
96321
7536
71546
39344
52003
98516
2764
73716
93046
8643
25326
85183
96299
45180
73979
92242
97298
39699
28448
55690
4789
34589
62173
17692
8343
54651
65576
22921
98261
89339
44028
83449
50399
93360
63050
43962
96777
52219
56617
2571
28365
91439
65841
20521
92405
6699
15590
29897
57601
47798
31977
23091
32522
67332
72641
35790
20858
44228
73111
13592
84077
77777
82777
47557
10991
6284
17214
11652
12376
15280
76573
90995
3637
94193
21275
5545
5459
44810
84105
17842
54521
84320
50400
63113
57910
49943
74567
68598
19539
16412
57108
55285
84038
70643
18747
9093
13861
81081
40040
44863
53654
72944
75661
1422
21272
96226
72744
273
90985
66954
61597
53002
4934
29712
38935
14909
45365
19571
78957
22089
78340
60111
28045
30419
80936
4401
22496
64664
31308
45830
26942
73067
32782
43548
31287
54641
73305
23166
96129
42558
63834
28280
84473
14031
87125
55467
72062
41590
19693
38187
37321
13919
69497
13375
16726
47391
90817
82486
45440
44594
95228
67568
67399
67758
76987
83410
92211
58846
87982
59013
80109
29835
44639
83659
73557
37690
83390
29397
81814
63384
67293
60053
6423
3402
13298
5307
60630
96972
49966
62318
50024
79936
4110
67197
39684
86081
40579
88735
10143
97513
47324
7137
41260
70513
45281
54589
3829
23856
22712
3060
18439
80905
81457
97537
36001
38621
65103
90440
97163
98358
59021
72244
74331
92747
90957
9522
73839
84579
94618
28383
54498
42059
31208
86147
33432
2552
62482
89770
58494
71366
7771
21445
92070
51147
78306
26478
20937
19800
32956
9033
90746
35166
68514
42473
38958
75187
83678
26747
47235
52138
63143
70071
13093
8880
10819
44841
35075
73876
86304
15166
39001
77429
4716
69537
56131
455
70431
25078
52630
35333
6551
29868
51528
30057
38541
34426
39090
21718
33841
46373
526
80006
74435
3472
36341
52706
48507
77506
27936
32371
44358
83629
56012
32862
41873
22126
58662
40912
52375
1474
75929
39732
53136
68603
53279
71825
48531
28730
81162
94563
55918
17855
41058
6475
97797
64682
2767
43662
80997
47213
26167
92088
32816
32433
54076
70493
26630
71684
17004
44664
70970
26870
49545
14636
56668
85244
2078
88606
98870
55840
80648
5862
34963
50422
37989
23682
33677
37868
90878
94439
88504
75096
48542
6144
40329
34665
22530
81153
76711
68548
40557
91793
82893
7209
83440
49898
7256
18829
59744
8861
41714
26545
99114
44506
27481
65395
62166
90298
17100
17218
1491
31186
97280
4218
94386
75738
76853
89419
82309
16829
12552
23331
45072
64403
2739
97182
32297
69472
78522
71443
26762
51428
88597
33288
38564
3293
65502
45845
33641
40683
97917
56686
28124
9460
24950
1977
93297
67236
88138
40433
30650
78179
13900
688
43542
34581
51118
89190
50988
76904
12091
19500
46556
8307
33545
33615
27915
20265
12732
89025
25292
39832
63587
72749
80288
45482
93371
63429
58592
93293
90414
57712
83209
95301
18003
52907
8929
92825
81766
70331
28165
85996
1599
14728
14099
26779
71348
50932
40281
14483
9375
6930
21175
8244
18280
24614
537
31945
31829
20225
22798
39129
96948
60472
59600
53425
83157
77683
96368
5892
86658
11890
92235
34782
7359
77722
39678
1049
99880
38290
9593
27600
1892
51544
32856
499
90090
21022
55816
49374
89849
89924
87068
22012
92446
10333
83937
67800
33787
31729
30416
54991
10086
35038
38875
31873
65910
91778
44754
44410
35024
5166
20822
28203
64271
69761
49821
22491
71116
1532
32496
75872
74946
82672
88996
87212
84514
41023
87455
99125
41016
92458
54319
56768
57470
4033
19238
28741
53941
86992
44275
42683
24844
43830
1426
90716
69053
92912
31840
80182
21535
34247
29877
75707
5898
64352
66505
48458
94450
11646
6124
9926
2638
85946
3601
51786
71624
91473
87635
53825
22504
31810
41794
14145
97398
883
28207
16799
83282
7691
11888
20149
97715
87282
70323
28431
12958
71056
46543
37574
41895
95478
13847
63365
75441
78194
20770
36480
64377
60832
28199
90453
17711
32073
74656
41835
90889
37458
51015
71415
27028
36468
60543
7099
3439
26027
28516
33475
90031
99814
10997
44205
26936
22653
14188
68719
22342
16848
53626
49552
74577
125
7335
26990
86230
20978
89682
95581
83888
45589
92031
383
9040
21771
52038
58231
85441
26108
63875
75852
93626
71325
66691
83947
27517
23497
36556
10589
18510
66150
79619
99498
55197
20651
57313
70137
53061
39886
47845
99694
11330
55045
17582
99153
45487
17235
97943
5514
2399
9680
47741
95942
76738
86710
65612
9328
59156
4989
74916
74507
1044
29445
62032
81617
41763
78758
55872
2381
75226
44947
46240
29075
27198
3360
35197
74724
85838
43718
8086
24982
83507
41506
55845
18512
1951
24660
79387
15454
21247
70148
46391
3631
41195
94599
82806
39402
48746
65186
97353
68278
1535
95730
31562
87172
55874
88980
69989
29752
52530
94080
73213
35420
80257
59782
79206
99962
2061
32415
63878
54524
22229
65234
50631
20101
87668
18118
2674
98354
68345
94306
34883
73236
36547
517
80401
77373
47775
16203
57977
45767
5311
53141
73026
42506
33882
46464
55044
55601
62432
69014
81525
58767
97449
85439
26086
58955
50506
58891
26469
3861
70887
89898
32716
76011
5429
93256
58336
36722
41610
85406
86200
17581
63008
98121
73831
25147
13330
12810
16096
92767
10829
91918
31920
10664
68209
42990
25951
62760
65580
92602
32670
78860
3369
43721
79609
98887
36005
15523
97883
25561
87006
84914
46604
21692
20996
62463
78428
63781
16862
53493
8549
42314
39876
30032
99462
52797
33345
92108
2644
19940
3170
72956
94401
40724
27220
31902
10204
72000
79622
53050
90710
36633
42925
67248
3104
94395
43125
76314
71579
84290
10549
85242
43056
75315
44169
2041
31332
91008
75955
26073
36216
24872
46265
35128
5165
55448
80773
56562
7220
69930
1050
55740
8087
96694
3763
98036
47027
8668
57027
85859
54434
90203
28268
93836
39963
91217
38084
44823
91620
19515
84731
30204
13466
92044
43552
63079
87522
76168
53246
71950
80082
5339
52899
61026
58953
18092
90473
56705
4189
36702
40372
76805
27997
74170
70567
12596
13842
64738
68339
55392
35901
78704
18373
48568
26719
55352
63239
94418
12016
86341
81084
60593
98662
41151
46829
91289
37565
68282
76998
16364
63985
26096
11795
3985
52379
79677
3409
77696
68470
7723
12074
93305
18683
10360
48552
65947
48655
39068
70322
6764
5949
23002
75272
5952
63219
30845
14968
60430
86049
22568
39092
81661
2277
26126
83078
81787
3187
57588
42181
42980
16775
19297
28778
25856
16826
48014
26391
11853
81749
75618
47753
98202
22069
55210
66470
84888
71004
923
21253
85750
5531
41828
34431
26707
81014
29626
37984
15383
90088
59134
19441
80495
69134
98966
59724
82269
78267
35068
63956
46949
53570
31177
11137
23850
88446
24875
81751
85961
67571
25560
2772
31520
77986
60514
1198
56611
93629
67254
35056
85339
53690
93277
29480
50245
53691
99201
36107
25114
82193
73437
97938
61660
17148
91431
65164
3446
37589
25129
24703
83666
46803
25823
28437
91868
49645
64616
94649
70173
94151
40443
29465
20672
82090
92533
43577
21080
33172
43687
72837
94091
43546
47387
88640
16998
14604
96146
43518
74083
61303
75731
37664
84312
19721
77901
72505
34739
17774
43682
20655
35761
81770
8104
21381
79911
90093
72076
79458
79257
88209
28116
66917
33469
82622
5135
58805
86713
85582
43260
92893
29485
87633
68972
21668
2261
8266
31673
4183
26037
81236
70986
41261
4224
44505
74092
75112
56170
73759
82531
22992
66310
10178
43578
96787
85679
37823
23426
47724
39113
22540
26745
73656
60413
47276
72734
83813
48414
96871
226
54901
58116
42143
9006
87026
40854
55185
49046
76514
49716
47646
52574
1039
81908
76881
3800
46270
31565
36917
68723
51562
38630
55671
95909
74692
30966
89429
38535
85752
69299
31227
57703
23986
43291
44710
64650
12280
30506
70111
70955
83129
13102
17264
35547
12639
58940
66702
83423
52213
26704
70256
2843
26485
94576
64434
1221
44036
194
26714
79262
15061
84419
988
50811
11617
17710
35177
91206
98466
11545
82428
72457
30873
93282
52929
69001
87648
55670
19981
19664
96312
6743
94531
66986
35452
23303
74748
67621
86627
43403
68976
78199
44921
28549
88699
44542
58508
17583
28256
56951
82115
28797
78486
91580
8904
52046
95359
83098
48424
76058
38101
48900
79505
51757
63044
50751
70070
54242
14759
56218
28121
38581
15269
13057
57266
44177
25915
49404
38655
23352
19002
11869
75795
44901
62689
94532
95766
7418
25969
29019
86690
29795
779
61134
53211
90102
90841
92193
26248
48974
38833
54461
36286
61714
44067
98666
28292
51096
19055
79520
6696
51683
53977
56253
83605
74071
65525
10891
13510
74960
31995
15983
15397
64057
26963
90633
48615
95448
30409
4954
37212
39768
19558
66456
6876
31830
78774
54481
93567
45725
81545
99034
70687
70466
47177
28540
42726
2968
62076
51130
50926
74389
36289
17919
75672
3730
76502
19945
99709
74729
64702
2746
90926
90401
75896
90225
67209
89472
23603
21682
63860
75884
66872
74579
71811
68554
18425
32045
58106
30941
15419
1093
82461
80639
20011
95118
22285
64846
98183
11290
80077
63691
71804
4080
58386
72425
35260
34673
86850
36693
64694
75361
26424
32170
43331
47759
80462
9124
31053
90674
83637
24754
37214
48662
29637
10884
6414
89941
85923
5380
19897
33020
85208
45573
54965
73509
9060
25922
68686
12117
83333
86752
94261
72716
29910
95333
11909
33533
16116
17194
19063
64477
21910
47442
62966
69999
69339
8992
45136
69200
3288
98129
48836
60179
64703
12297
1610
86928
95860
70677
39187
60135
63382
79782
61907
84392
32111
87627
51222
29651
31015
47187
86589
15391
52891
93888
50597
63051
46752
77580
32408
54376
29686
9361
42947
10744
77925
61104
160
25084
97160
89575
28032
4533
85433
86214
36155
14044
88877
47417
29864
29695
95886
21241
58253
33426
84885
77587
2568
38201
37587
4894
63846
33408
1918
28073
32488
38036
9450
97318
77744
84663
16866
42132
13013
53697
75648
24962
46868
78776
65335
1878
6437
14059
23466
76927
83175
28492
70373
43322
83664
8644
38965
20086
24830
50078
3759
84767
28517
84562
54550
90262
22208
16442
56552
20920
92780
41186
8869
73793
62586
13184
89330
42511
18372
57923
96590
43946
85639
6230
64900
89523
96548
4704
11896
65962
73279
39112
28362
60428
92147
12166
49299
93219
54888
19398
7733
43371
37155
13146
71162
50507
11976
87229
1407
26665
45343
54101
11238
26050
62049
54795
62516
42147
26749
71570
48399
5342
27889
99612
98122
75127
20188
6870
68
1051
67262
99673
34685
58426
14259
8268
7351
72595
73011
88023
73597
31588
95190
88199
77126
90763
70574
39916
46905
50725
28708
36403
11332
63184
64698
73491
79501
37423
91127
21824
83195
20706
4570
87453
77185
93378
92574
83721
41886
34532
4291
76911
85105
24177
89514
82607
20528
13005
13090
71805
36634
71117
64809
35471
53969
40451
56844
83677
2614
82844
5638
43609
14390
87750
49738
6602
95242
3894
80404
12357
54566
2533
84635
20522
17603
1458
80969
26797
42638
91811
6877
31336
58403
44615
77084
74548
55619
38160
42967
38770
70830
21522
51245
65755
60352
83496
51126
25255
31734
50440
85165
75561
12304
17174
59758
46410
70020
92304
58174
82545
79942
17362
56567
30783
56103
94522
92500
52673
63313
55755
28987
91688
23413
10454
58638
24207
65739
22849
16239
77549
35955
44500
86471
17324
2452
12048
27711
90509
6432
89368
38665
96173
2378
30782
73682
19758
47987
43261
67318
31949
44527
38271
51577
67174
79136
43238
82651
828
72116
67336
7775
66712
38401
50815
82092
42893
86116
42388
56348
45388
92101
21721
70124
74064
77283
79816
46376
96065
4976
15735
14451
9942
24588
24035
7937
66118
81546
72807
21675
51242
20285
71876
70618
55030
55293
4985
71380
23184
14845
72795
49000
45661
98503
43366
45228
11639
99458
96875
18157
31833
48139
69704
99575
72132
4972
38133
25375
39023
47240
27967
3884
93758
45679
88503
63202
46249
42175
66013
29675
7362
88381
45569
71821
22074
94694
33956
24453
57489
46019
14841
53270
13633
17518
89561
79000
11711
39612
92711
35631
75425
57110
56464
46205
12296
49016
94891
45631
11791
59677
63552
21975
24900
80833
77985
6266
15773
45800
82654
6694
82625
89481
22481
62694
73071
35550
59443
66268
82858
45537
31779
19411
76430
1269
4262
9423
66312
10547
62241
92849
81279
2673
9048
93586
40816
97520
38301
18414
33424
85354
96090
34651
2003
12953
10913
51214
57947
36443
39419
28940
56903
81166
92898
50212
49881
64251
42686
13173
75913
77919
13460
98668
56587
49614
39845
32899
6893
53400
62571
94938
24003
86282
93683
21677
88243
16234
43848
63652
57335
28306
52633
98309
70680
41677
42197
21715
53341
3977
43924
72623
45073
13734
22565
17407
37661
71399
20173
97565
62561
28178
46933
35248
87933
70350
93327
73381
70475
49298
53303
33949
96164
42547
39642
78396
41725
86744
90788
96707
34126
30581
76004
44846
85641
94213
62205
40470
45280
67574
35842
92968
89925
39708
60558
11845
68707
99165
85068
11866
23814
64649
56811
34609
87709
57807
92302
83815
72997
33868
45039
12822
73261
73009
34958
32492
72336
86331
63582
18531
12944
62124
69108
88257
76994
81631
42540
63767
58023
18762
18189
73224
267
55146
49827
46683
37428
1327
40825
22315
3556
2465
99971
354
94021
99448
76067
91494
52762
33299
48854
99602
63110
7940
43917
86172
54163
91626
59399
95384
59135
97721
3672
24810
35794
28046
64691
29919
16551
65854
51939
14439
52144
65243
10628
68386
40773
57399
96553
48223
63370
71393
58371
73126
29094
52184
72276
2982
37993
92637
54551
19667
94730
66334
94803
69406
79972
62017
36897
53560
55754
576
5658
77697
16631
4745
40834
15503
95077
77541
15659
22939
59550
64674
49837
13843
11575
3887
41235
57769
39125
95841
85264
63069
31887
19072
74682
56666
39310
29711
1704
41876
51131
94307
37117
2257
13109
43508
28181
10304
53615
15747
68125
18321
75189
26047
69051
50325
89302
8383
66349
20070
92617
9927
13447
28678
3469
94584
77115
43677
50160
43102
55903
8340
67987
39477
82899
11794
35572
54463
11507
47500
81760
61515
34361
68124
71307
25062
19263
25415
17891
95110
2511
29330
4081
71186
43676
18647
69243
23983
59361
16646
13355
61699
48042
83277
53450
67062
40198
88662
43757
33799
93216
66171
50911
64740
93544
54112
77444
11051
27067
82153
90180
27547
73608
58047
59121
98933
34990
95130
77818
15701
3322
42856
10052
74382
20478
69683
77692
61462
32585
59863
68920
35899
2730
34469
35873
58062
95186
28242
21463
75594
88964
83297
38344
69347
55120
42988
20382
39638
63796
33959
62190
98126
41627
64384
55127
76037
67808
46012
48938
95824
69747
65903
86244
7828
95613
45795
40142
26814
58552
40492
12916
30405
5671
69373
30521
24939
27984
66208
93822
1072
22622
14261
56439
73227
35548
68916
28147
95819
994
56860
9321
44093
47420
60698
87108
4718
29011
3627
84928
56406
37069
89570
1505
65716
26898
57298
28632
67044
94937
65876
56132
20680
39106
85673
45081
33978
89867
16155
91527
1881
19777
9934
59693
7425
38123
93954
47215
6488
30715
96686
41926
56130
2560
25271
68046
67456
37406
89847
26655
63329
48275
99777
28218
99242
16762
90313
88185
40195
61069
2477
28848
74559
9954
41264
48834
53083
86514
37572
31732
734
22755
93645
72652
6297
5773
34425
7919
52129
96110
75876
73947
2612
70768
84316
75864
41408
33532
70762
344
46032
7709
32544
29548
92342
14548
96566
66843
42664
99928
9568
45074
65756
43449
28078
59808
69741
39741
45143
39278
5649
15071
98864
26547
1675
75003
77361
85304
96412
88407
38409
76201
29246
17415
82005
72428
62857
84461
95108
81060
67778
10688
25754
44270
79552
82759
72063
63797
36812
38825
96965
59715
29792
84513
23611
85314
60845
45576
22660
33519
85233
4048
64338
42389
9237
66741
60574
63912
48666
81506
1978
93314
10951
36509
57816
84800
13649
85574
15508
83898
15819
67117
4886
88937
85327
56772
54911
80467
62214
89344
19116
57376
14607
38505
47638
25971
56100
88615
41321
81012
74433
71972
79482
49672
25811
41669
78497
64437
43792
62973
12868
2246
40930
96520
12419
86630
5448
63001
83559
18878
91937
7182
3735
85194
38264
65241
4235
39541
11462
13120
8513
75183
32627
54249
34597
32333
39823
11995
4441
89732
73898
48231
9223
23077
48884
44677
38463
68144
74938
33659
37332
95067
11972
26491
98990
47229
95604
58191
65939
13443
95737
27507
51958
68448
97644
85230
87528
32452
91931
10232
27620
77924
28156
63861
27046
71191
29403
16381
14
39176
91042
34809
25929
59980
6094
64934
86459
26903
21571
49574
11163
89487
34428
17455
64882
57104
65743
98931
61539
76481
46966
7233
88451
53487
54091
44970
49264
97030
44576
30757
74082
98927
35217
20681
59631
14288
87623
74527
97840
32596
3042
87278
12582
47310
59100
45258
18293
56437
21055
895
67166
3184
54124
65376
59868
14615
20773
91538
62883
70487
34979
10426
47444
2422
76537
9254
69836
82458
67376
17119
59099
10770
56319
84067
3710
49253
89371
10888
79175
62246
63632
96884
49790
93234
67982
67269
16837
82133
49385
92423
33915
5203
15412
54237
53131
46104
61496
18570
35560
15148
72967
41469
69852
74906
7921
19409
23592
228
32141
5894
83743
36615
74506
2177
65496
86973
57160
1504
28478
71320
63174
79253
72701
85263
82817
93644
11765
60189
16238
21801
69883
71156
95994
35237
50439
51793
35066
16222
8962
25113
79135
17105
40525
40940
77641
20463
10260
54706
48298
60130
94544
74276
80946
8159
8374
60080
44309
53928
53163
61956
28556
13282
12699
43874
61705
56241
57560
89091
6540
87610
79500
8263
63521
11899
659
6178
8557
72843
43842
69751
92244
70001
98793
83771
34568
2179
17366
44988
96929
36666
99032
78010
54946
52565
79008
45002
65012
2254
80678
27731
91933
38836
47471
85028
18554
80771
11201
23302
59397
32403
82704
76966
23876
39581
13386
93910
83514
38508
31959
58294
40123
8395
82328
73794
43304
74128
27930
3046
70151
96749
39226
87794
9767
42162
74252
79862
604
4761
96410
91229
91775
27707
88846
5622
88485
55586
89901
51706
86899
37822
33001
73078
37100
40497
48484
25219
71881
59878
24174
51760
94620
34477
7083
34011
31118
90678
46397
85857
67893
84756
49530
55533
35155
36437
82564
78805
23960
93176
12787
82801
1592
22202
45734
57410
90826
55695
39146
9288
36809
9701
31260
6431
14721
21460
40784
99367
99532
92697
79724
32270
3082
61518
68729
67652
59431
37862
6165
53727
34722
60868
75569
64008
36544
54179
7935
9477
6657
65178
50061
89342
65834
29508
51892
73255
10746
92495
9622
10774
49141
84147
74480
29189
67080
21948
5314
45325
37525
60155
47142
49537
47955
51761
5565
97043
48962
92190
90379
11178
14030
9639
43658
82813
90747
24817
63892
66999
1495
50047
41699
56040
55768
63783
32332
26907
98372
6307
47447
25761
65037
50852
58788
95298
23559
75999
15532
46688
53739
47179
17515
45897
29068
63870
32721
25988
59800
97759
99085
54467
76233
96161
60732
49139
97150
15936
77340
29713
5115
84680
30804
95200
17695
4690
25449
49328
27562
7563
95727
59544
94970
33971
88391
97497
97997
62355
43104
63663
55994
23775
51055
78771
9552
92917
40208
58235
34906
7080
83059
42159
57845
30883
17829
73082
22603
91921
44622
99280
18622
2837
28036
15423
11877
50983
97512
68110
97274
187
55158
33913
73918
5077
94178
48715
88949
33312
85360
65523
19818
70983
36996
25442
17687
98972
53917
45113
43834
62546
3093
22801
44188
42915
41987
31754
34972
86333
82076
7007
90340
36406
44089
69026
40278
1344
39594
70313
50297
69032
89085
22819
11563
4086
56565
1303
77223
77375
50598
3997
73457
58596
83957
19149
42571
3501
65579
11454
3859
23088
80897
76305
36353
5004
12924
90519
11018
83865
20957
47573
3537
7117
93482
75429
72165
4261
41358
90751
14695
67441
52264
98703
90959
3319
99710
33311
26206
19152
92330
21847
41124
11205
4174
67027
64793
3364
26507
29745
11716
29764
67611
36471
34024
84974
56536
25180
98656
36000
33129
67705
44050
7704
82685
63148
29506
12499
46834
41228
92187
6621
66433
33629
39397
94356
17755
12483
52305
85602
30052
89754
22489
18144
52149
29181
68679
67213
34300
2007
41733
39316
70939
26450
48641
38389
68656
70413
54421
84097
99563
82728
97853
76416
314
33211
20054
45759
42184
71731
88159
26344
40375
36516
95104
95143
33275
80125
52040
30449
26311
1132
54897
4598
6640
53209
84512
24941
16022
6826
37997
11749
53435
63303
9313
39184
66558
4654
22758
3688
28017
9036
46446
59834
99509
82476
24505
27261
12971
46141
55517
65707
50853
90880
998
78554
49127
82902
75962
74545
19483
45975
38258
26938
99226
20235
75158
33938
89559
28152
26906
26007
4392
35570
42800
85700
778
53318
20830
40822
5882
23261
61372
75156
12929
70206
784
2807
40954
86467
56387
12394
90687
60709
60861
3880
24102
94736
35533
53948
6415
66668
24896
33751
69498
35626
66359
56613
18271
40793
30991
60738
34148
77860
9346
54088
92246
13124
52296
38803
64791
37544
10208
20837
53024
72864
57682
78689
99362
28714
10689
55134
64241
62664
88177
36601
27083
95083
14350
96322
41233
43871
95532
74439
86771
33960
5344
51279
83699
97968
57279
1806
27665
58224
37237
27307
98736
58222
29368
76725
98832
34507
22432
79933
14915
95701
93199
42515
82758
63485
82327
66635
42065
90179
56950
60133
97363
75750
22978
76438
11981
49074
8123
88271
61240
43572
4306
41729
54987
5897
16179
28821
88332
81738
29430
51675
83543
19150
71203
95570
86937
10228
80687
95880
54900
8767
22476
40932
67434
68985
15513
11471
29747
72668
68967
98046
81333
38153
98432
92987
72717
77205
66710
95652
16525
74079
46175
8983
51299
10455
5780
17198
37693
20696
40415
53398
85131
45246
37769
44070
81655
60226
94214
76883
92299
1123
7432
37957
3181
56126
63835
681
63763
24070
30646
61050
48707
1856
34444
21662
87379
11497
99265
28257
60570
70491
15140
86775
36665
5180
56037
83838
74041
99284
83465
54560
45050
97816
65415
32147
64344
38859
8604
23106
20591
45088
17514
52897
26250
7603
43988
46196
47430
89
54361
59547
10372
20417
23620
21502
2233
49613
42948
340
53793
94390
3231
1897
10323
35147
38387
29855
80601
2443
22157
25508
27610
98871
99800
60211
8935
52121
53339
50639
51289
76730
68712
93909
25527
22871
74247
249
57320
405
89725
42575
82084
46463
74523
87361
67727
17817
95351
26567
15123
43708
58807
2643
58993
12739
73114
83835
3305
4267
70168
97726
95816
78025
67237
50588
80367
32110
54891
42193
90053
43072
32579
45614
28902
38604
62408
9129
59239
97421
40436
49776
62884
78106
78754
86094
81843
37665
20594
98461
94240
95890
33936
18871
90075
63171
55275
22146
34268
55791
38938
99330
23637
44740
99735
69874
82194
15069
56180
95468
38473
42119
97470
5058
15638
63121
32259
12092
7191
26558
86622
62335
8941
81140
27846
45520
70517
63421
24820
7848
7292
53664
78558
90095
92680
32076
