9919
4802
2011
1825
877
3571
70
7251
72
7265
289
8639
3543
3901
4774
5523
9178
6796
3122
7288
5513
8853
520
4992
7186
4414
7936
8926
252
4777
9732
6489
7666
687
5259
4440
6527
9661
6022
5491
9345
2595
3064
3876
5258
8687
8252
5234
5522
5117
5152
148
7040
6931
8970
9595
1873
9056
6947
8335
2573
4069
9221
3083
9665
4603
2422
5364
4377
4666
919
2919
9802
5226
206
3821
9435
2037
3241
3488
3838
7986
7776
6329
8886
4112
4396
6290
9292
3475
7264
3081
4314
1221
6030
3173
6602
7515
165
1942
4386
9896
2055
214
4929
1212
1842
1210
9381
6943
1714
8736
1931
8540
4924
9712
533
8182
7384
2054
5356
7730
1704
3073
4464
201
3766
5242
9168
3092
6814
204
8143
3745
2583
2754
9990
5837
1358
1909
7818
2664
3631
6746
4123
1263
1809
3419
3721
1532
1863
889
409
4704
5750
3530
5742
7573
4375
313
3051
5044
7
6659
5899
8600
3451
4861
5168
83
7249
2021
5620
813
5140
9441
6351
8505
2542
9503
6929
7361
4149
9660
5236
4089
1342
7266
858
3545
3129
42
493
6533
3853
9353
243
7778
5730
4855
97
2046
86
8227
9621
1444
4874
4834
971
1572
7784
2136
2981
8307
696
924
2324
2469
99
8829
8718
7179
6306
7435
7167
8298
2587
7836
9191
7810
2989
1792
6978
698
4634
8584
1879
5854
673
4418
9810
406
3856
2516
616
6437
5966
212
3644
9921
2539
6771
3040
1259
9739
8254
3112
8217
5409
1628
5884
5159
2657
4763
1971
2152
6600
8610
5314
3466
1192
5080
7794
7924
1966
5637
6261
9280
5746
4997
5809
835
2892
3542
4654
312
7363
416
3416
9691
2827
8444
8572
2757
7520
8682
5496
5017
9406
3042
8550
47
5379
6023
9265
6891
5634
4422
7216
440
9407
5391
9976
8646
2219
7183
8752
6143
4782
4173
9975
4749
5776
8950
3214
8915
5889
8614
934
2349
4574
6754
8218
3752
1326
9152
9601
373
4008
4736
82
3868
9351
8500
2084
9434
9034
43
4919
6153
1529
8901
2423
1293
7294
7449
9954
977
5476
6569
6001
417
6425
5343
5200
8104
7494
5098
95
9322
939
8894
706
6997
2443
2438
5240
2458
7211
3398
1890
4134
3338
7155
1319
6499
2139
6848
9744
262
4064
3511
498
3490
5106
4327
366
5685
4615
6368
2230
1214
2998
7206
4752
2861
7964
4032
6386
5950
2202
222
5096
3192
8397
2795
8887
2319
9237
8684
8187
4698
7327
9871
7378
2256
8027
6544
8785
9087
8210
7247
7287
4717
3595
5951
6294
3287
466
3984
3622
1831
6336
1448
4079
9471
4900
5401
8699
5828
7861
6917
1541
2564
5118
7492
2645
305
7159
1740
4354
1613
3215
3896
8258
6758
5108
4750
3024
9196
4626
9500
5792
1129
4911
4576
4620
9049
2180
7962
9717
2881
6781
9188
2012
8935
8835
724
825
7051
3499
2552
8246
6202
1687
1864
6207
7807
1200
2650
2298
9271
1647
7409
4619
9674
6692
8318
3963
2092
4384
7417
2871
2665
6485
1891
4536
736
7510
3455
1988
1277
5920
7091
6184
9915
5738
6766
4003
7161
5310
4910
8186
5019
1631
546
5774
5668
8805
3554
5874
69
9431
9651
8554
9488
1513
1203
5856
3293
136
7072
4282
3996
1165
4198
4852
6155
7580
5671
5580
1209
9454
921
3611
8585
2705
1456
6048
4653
4758
7954
6403
6079
6095
7698
9058
1028
6896
850
3422
7965
9211
3200
4650
1913
8710
9912
4753
3641
6163
4494
828
1400
1833
3376
3166
9422
9520
6620
8062
6031
2058
3062
3251
8636
7020
670
3203
5475
4402
6993
7625
2459
5987
9856
5982
7735
4670
7023
7319
9443
6828
1309
8467
445
7156
5615
8581
1131
73
11
3334
8871
6861
684
477
4792
9708
9790
7188
3053
9600
1914
181
5284
71
8750
7764
3294
1294
2931
1152
951
8460
6126
8162
4429
1136
7981
651
4363
7860
5417
5840
4548
2649
4120
9485
905
2325
2317
5591
2980
6334
1656
6634
7738
5593
5812
8592
6521
9545
803
1933
2801
7154
7406
4128
1085
4508
4727
801
6442
6823
9405
8618
8308
8742
9939
9461
2259
1045
6230
340
142
6157
9908
7615
3910
193
3863
6049
378
1903
5749
2404
8485
277
2390
4262
4838
1814
6918
8963
5642
5257
5625
3131
2335
2979
5680
6301
4040
6458
4162
7740
8861
9615
672
5871
3960
7224
4943
5060
9024
494
925
9116
6232
5765
2852
6289
3104
7025
2913
8556
4129
4788
2310
4999
3337
1247
1257
4968
567
5038
9556
3353
2934
4675
9876
8645
3864
6949
3774
4233
5326
75
2742
1972
8930
7498
3370
6913
8339
4133
4078
3150
8362
547
6492
7766
9522
9910
780
5985
9883
2343
8976
5710
990
2735
1777
2602
5450
5872
873
264
7445
2347
6579
3778
3138
8208
700
6605
8138
4853
5568
8161
8883
508
5462
4421
3653
5030
2243
8834
371
5213
3330
2247
8377
9899
1856
240
7695
5464
3795
7372
6698
4937
2220
4662
9929
8209
6234
1186
8924
2514
968
9625
8035
9882
8542
1776
2530
8547
5369
3585
1821
9860
4174
4458
3865
1187
2029
3700
3260
9927
7670
979
7545
6047
4477
1039
2318
7322
6300
3276
3673
3974
8222
9380
9586
6265
3982
5238
9801
8049
7799
4459
4514
102
6115
3539
5735
2106
4110
4391
641
1648
7075
5579
7332
2382
7786
9501
5272
1984
2236
2227
7929
2612
7049
8454
8463
5110
5756
4869
2367
6083
8011
5969
8486
4581
568
2032
640
4971
9549
6123
7090
4744
9813
405
5768
606
2718
1817
3085
6818
3234
5751
1531
1421
2946
7848
5546
6821
796
1368
1240
6357
4432
7712
8804
1323
8064
2723
6582
9119
3849
6930
523
4476
3959
957
4238
1812
9294
710
3777
1167
6713
1762
8263
4955
6410
9537
1311
8566
5739
1056
2394
7358
4041
5470
7744
5583
3680
9643
2197
5916
8175
3224
927
5651
6389
