755
698
195
691
917
593
64
747
666
697
507
890
132
139
896
714
616
911
996
636
113
958
511
578
727
180
410
626
631
569
588
128
667
454
34
133
3
881
43
298
894
11
538
430
871
695
69
394
843
75
953
207
200
50
642
416
955
496
339
974
995
240
997
751
158
126
565
348
758
500
754
268
535
906
757
159
82
543
849
548
253
308
992
800
984
13
347
675
21
89
838
923
756
157
641
990
53
857
775
846
793
736
95
744
264
196
351
326
517
715
745
966
485
835
913
177
664
252
579
273
214
497
876
80
468
354
794
414
395
145
525
112
59
37
174
441
81
355
4
144
646
940
379
286
749
359
603
474
935
777
