1054
1442
6182
9900
9881
6064
3140
198
4560
9961
7693
1016
488
3763
8654
8479
2618
6717
6255
537
9907
1646
8529
458
4559
6836
512
188
9750
2308
1999
3058
6920
4376
2267
5218
6464
3290
6809
5732
9479
7453
7597
7293
219
4483
8579
2986
5307
386
1607
7546
691
7668
1537
9879
7585
3858
8755
7968
3755
2251
5912
9841
8602
6701
2463
7213
3872
5962
7074
8524
3740
580
5228
8471
2351
6518
8130
5649
1053
7989
5592
4824
331
4843
8999
456
3383
5839
6044
2271
8792
8827
6292
1701
4400
3514
8487
90
35
6429
7229
3528
4298
6967
9932
8942
7437
1313
5453
5068
8415
5421
9433
5455
5135
8131
6312
7496
1189
6906
7269
3350
5316
2698
1093
41
938
9513
1471
2154
5933
3832
9088
3784
3197
9789
6459
9525
468
5589
6103
356
9673
3785
6720
8352
6138
5009
8151
6786
2777
7104
4220
6075
649
8763
4863
4597
8240
8638
5253
9315
4295
8686
5960
7760
2781
7928
5607
3735
5000
4800
5092
5436
2120
3
8589
7701
3935
5638
5294
189
5886
6114
5286
1083
8663
5163
9030
6948
9678
4312
4385
8881
759
2488
3309
8760
4168
3971
115
6668
7951
3652
897
5624
6394
7126
3044
8389
5767
833
1116
1880
2560
2949
3995
9346
4778
5292
5254
4589
8709
6777
8795
4550
7385
9073
9996
9997
6714
6980
5005
3759
7636
8178
2025
1677
6002
7459
403
7594
1634
1905
1122
323
7644
2807
4964
8070
9069
8474
36
9730
6028
5570
3439
2916
2039
2600
1828
4932
3923
9126
8470
2002
3168
2471
5695
2066
9727
1137
2565
7921
2862
5109
3436
1588
8508
3750
4235
3748
9302
4828
1340
9092
3373
2776
9591
5031
8332
4567
3036
1578
2556
4194
1169
7403
8873
6418
7333
415
7057
428
3606
9557
9738
4672
5780
7145
185
7984
3227
3725
688
1392
1649
6298
55
2028
6936
8959
5692
5941
8080
8261
2414
3846
6324
5197
3824
7948
7566
9607
4211
4321
2042
3930
3028
8624
9995
7348
12
2150
600
5601
1524
5435
2476
6855
1374
9018
1321
2355
7300
6784
7000
7353
8782
152
7800
4708
579
4127
5449
5093
962
8551
5188
4480
6013
9808
2252
4720
3483
8681
8034
1732
6271
3352
6638
8621
79
3947
2853
9251
5465
7790
2611
2248
1452
39
5762
2280
3621
4827
1399
7029
8708
4517
4865
7443
9044
1983
1556
77
9478
4334
5709
8462
2188
1787
5363
5699
3711
7195
5652
3332
6105
6618
9935
1466
9835
7425
899
4796
7637
9151
3881
1273
1963
6204
3526
7547
7225
1199
6572
4623
1387
6627
9029
3407
4088
9173
1275
1459
2151
7389
9528
379
5488
4609
2360
4066
848
7901
8124
8436
8704
5577
9226
2392
1949
6421
4121
3965
1926
9832
9799
8226
6704
4141
7581
7713
8759
3780
1547
8372
3576
991
2534
7859
5712
4562
7346
9
7419
1015
4239
4266
9163
8917
18
5241
3990
6098
4805
1819
473
7846
3283
4307
8211
8232
9208
3871
9113
3619
382
1317
4186
5001
928
1349
9138
4471
4114
2654
8531
5897
4995
3702
6996
8665
750
2502
7215
2947
8009
5687
5002
923
1798
8879
9886
8607
1335
6959
8875
7446
1961
4947
6317
9156
6824
6341
7204
4257
9072
9093
5418
1206
6269
2389
4189
4886
2215
9012
1396
4254
9301
4125
9470
4586
2043
253
9201
3556
7915
8251
5278
7487
3535
2339
5021
7463
6051
4582
720
2782
656
1123
6790
502
3703
8515
8369
3519
9213
8198
5373
463
3686
6621
4412
7277
1907
3100
8344
7721
7182
8205
1900
937
9646
9022
8365
5056
4236
7813
3310
275
2262
8941
3253
7832
9965
5964
5004
2506
1360
5564
5910
7983
9609
155
1262
1721
1790
4011
4594
3904
3557
6622
4598
994
5162
615
3924
5466
4416
5608
6228
7418
8631
2270
8715
1074
7236
3415
9770
5338
3936
8076
7914
7719
5416
4684
4771
1092
9473
4470
3826
269
1603
2001
5885
4690
8331
6040
9154
3432
5820
6592
2234
8437
7094
10000
7568
9981
6411
4318
2878
4176
7434
6970
408
5208
3047
3292
3922
5370
743
5146
7805
2905
1593
8946
2369
6509
9594
8979
9576
685
4881
1785
7045
7952
4815
2826
1384
6827
8359
762
2468
1763
1902
126
521
2943
6512
859
551
3630
5064
5569
3378
1031
5621
330
8310
3943
301
8616
1718
6046
1844
827
2874
2249
1774
3913
8923
5447
2315
9400
3736
1024
3572
8451
503
245
3952
8796
321
2118
6522
2631
1595
6577
2099
9507
9836
6340
860
4522
7623
5028
6991
4062
5487
2093
1430
6895
1620
6523
8142
7036
4226
7931
4832
3187
7305
6248
4833
184
1005
6358
699
4742
3988
2113
8549
3322
1709
7142
4274
1564
2326
8194
1405
6436
7748
2669
5953
1000
9144
9106
5602
5321
1412
372
693
9389
1970
8765
9603
5631
1390
5971
3482
7454
9946
9245
6857
610
8281
3288
6213
8947
140
5463
2209
7456
8685
1808
6238
2370
9617
5949
76
3346
9266
9398
560
5944
9053
5789
5442
1038
5193
1283
1789
7169
9613
5965
6912
8568
3767
3244
5852
2648
127
8975
9267
6964
5596
7683
5831
190
1956
7345
6508
2430
3907
6575
4431
6180
6362
6756
2273
8786
6767
6287
6087
2997
7970
5089
7731
3246
6680
8815
7214
121
9028
6052
1888
9456
6222
3268
3915
9216
1691
2780
6424
1800
856
6093
3442
7532
5434
4694
6233
3525
3743
2149
4339
236
3803
8458
5422
3818
2265
151
2537
3500
5694
4636
7934
8869
7681
3861
6203
5405
5303
8405
1570
8066
8366
4438
2849
7271
2006
4643
4291
8613
9749
5313
1912
6159
7129
1363
2402
4091
8068
6801
3386
9021
8650
5256
6387
725
6962
2115
7248
213
9283
9637
401
8928
1509
7331
6858
5740
2973
8913
7617
944
1034
3148
4644
4898
1398
4165
3707
9146
6995
3171
6196
38
9358
5556
5720
3600
1030
7780
7863
2371
