96757
13284
64836
54369
47505
28148
27053
62164
8508
58626
40657
20961
68164
37033
69946
6675
30413
62363
64849
42353
29722
99344
43256
5953
11491
74539
71068
56557
79181
12314
60606
22542
84897
10414
98104
99628
38848
2434
47499
80786
18017
87123
93454
51970
99139
24228
16191
94558
49576
11028
91847
71051
13389
61296
35016
27002
37167
65973
72654
54710
5273
72245
69216
4137
49144
81806
79314
29309
67445
47985
69291
1257
64805
20593
62533
95229
42821
60843
53353
13160
67083
82439
66099
79073
8321
90885
42721
28430
95678
83712
34298
9755
12647
73934
95936
78033
35600
53740
96570
56829
87200
17942
99520
32711
8691
53033
24204
29731
32296
3881
81549
66080
14641
20931
73860
11124
56451
19578
88759
64464
52756
32229
48588
84208
19699
38085
74956
84352
66752
23174
83732
22982
86858
65424
75590
899
22615
25944
33283
51342
28183
41439
6901
37947
6831
28631
18672
37088
82888
48360
41402
6331
46306
99740
70728
27822
90254
90139
45133
9811
97105
30708
45253
29553
36974
52686
91071
473
89949
89590
68732
17649
52370
21533
48092
70568
1109
62305
53463
63205
27223
14508
5630
12223
90096
97901
85799
62270
18844
2394
12275
91930
33976
47388
71862
80120
28637
34036
17349
69295
61198
59128
18521
67192
51910
41953
52601
70631
11971
81080
87503
4487
95176
4355
10357
64059
53051
4105
6274
57202
69865
36928
47121
54084
73954
44797
52164
87594
4094
61619
49960
88366
11250
3290
35751
42934
56345
20428
31347
91917
97385
32171
52255
71079
66425
34176
48296
69622
40739
24183
86689
33943
51262
39048
24812
41578
45135
75322
28419
82074
3624
66050
65309
45700
72726
31085
37409
42225
75632
98331
59553
85976
94607
20839
9864
29281
16205
33340
48234
10902
58824
95352
80238
27144
93157
93285
75809
67256
66694
99379
61427
72773
46690
91114
1283
63635
75541
90162
60199
92048
37523
99643
64847
23578
35971
4167
13882
8617
12592
46225
16964
98902
19862
24374
42402
6192
70117
60143
29765
71948
30906
21084
55515
94680
87289
35760
22986
79312
29147
33278
18039
95341
2592
88499
1640
22263
44254
10870
79810
96588
63972
73974
28426
80707
32553
51169
74609
45652
66809
15708
48903
81214
13234
58650
25481
87380
6019
30659
64095
50579
98380
47485
89137
18634
29823
24180
5915
11335
16379
72180
3386
75742
78941
37522
18060
65505
24823
15108
35225
89675
374
46602
28895
50738
73935
27568
95387
26934
51938
79615
48025
80359
69198
26873
6845
1624
29374
28575
80705
56056
83812
1034
41043
19292
26498
55024
79772
65916
86335
36148
95905
66764
13949
32195
81734
82847
35912
17266
58785
89743
24375
85134
2725
88218
21237
40970
29946
38761
3862
86038
29501
42983
78979
37346
13656
11256
8496
71270
38394
31230
8517
98532
18909
40646
39468
12408
17832
88641
97427
12529
8845
89054
66375
64744
36482
72828
56112
74771
71016
57354
24798
83218
32272
64677
3559
62555
15230
24937
97988
65802
19221
8329
50186
20372
66614
41380
21551
55315
14297
36268
89611
63167
93513
91936
21363
49408
91089
82427
37756
31578
11207
64324
53719
60734
29547
10771
50704
96458
75198
26401
75681
21977
42242
19467
68591
18529
45256
11527
34411
83851
40671
44948
89142
7162
40368
85865
32315
49293
80890
76509
14710
30653
49390
44697
44313
23787
83869
71466
95071
69749
14425
7185
89286
95526
1992
9169
39140
39180
90614
52776
2293
5871
52359
12301
49282
76948
11323
12684
23295
30229
42751
29282
14757
92779
37490
63357
78728
99689
16382
10335
26575
27794
42852
4405
72792
60343
68044
11221
5158
35054
74424
38227
54442
11701
43100
41385
94611
47184
59302
66915
30769
42124
30287
64724
23790
72065
72249
59452
31504
84576
74975
81784
97118
62266
52381
10147
66186
85219
24617
39081
83212
15695
22382
25387
5806
47096
27766
23595
675
8370
78643
74615
67956
88889
48310
71900
50775
23283
59154
41411
61781
3517
4915
51849
37157
87025
61918
33027
51613
26638
11524
92183
26156
54856
4347
1823
87963
53827
97881
36358
47289
66185
22400
20745
21713
99912
4803
74886
77897
68232
13580
67797
45075
41945
22102
88183
60231
72259
85106
5540
45923
58561
95391
16822
32139
35351
96766
76446
89719
76722
96254
66463
76937
85916
32780
32306
79174
51100
90900
5483
89823
40463
43525
25512
20156
24821
18151
39987
56965
44842
47459
48678
23627
48904
45750
84768
56115
64277
2653
83160
55733
92774
44435
63129
21861
89933
38510
59455
98145
28913
78313
52260
84855
70806
36198
47228
47379
65919
63616
14606
35577
38229
75832
31648
16903
21595
76590
41963
82948
87362
81151
59181
60384
63349
45500
81844
83747
56801
81444
13323
39961
42536
76867
75907
24683
30563
42687
56930
423
40821
16687
81365
93721
42414
78356
52561
69022
39974
13343
10832
48975
72438
44590
3384
71075
64032
71510
4359
55097
92661
46816
78205
80036
41218
69684
78451
21197
28675
79473
76095
75678
17790
14773
90138
84672
70766
50723
50223
36576
52218
3444
81090
69153
98015
55391
57495
81607
97422
48046
46814
99968
52257
29785
79180
24984
25982
45724
33329
17878
13699
42622
11284
75726
10959
6895
21430
93558
6193
73899
74867
54833
76996
38005
38119
44684
96599
37698
4712
2255
39357
37740
96625
19075
70479
81436
22267
12894
22848
81867
7226
113
85522
89852
24264
39542
15342
18911
47468
15770
197
9869
164
14500
17424
37415
3998
18325
64351
6106
83587
23342
11227
33678
75825
67353
53896
22601
16916
36843
82358
4922
56977
6559
15868
51113
14560
5492
35504
28106
20550
31895
56135
52068
45337
82491
24642
19826
19599
95619
49940
25832
12738
65963
91990
87184
31485
8057
91448
30863
97018
7333
35730
7165
43484
99618
12416
64383
43787
41071
95832
60046
79516
42731
6482
52295
87995
19690
61559
88856
65835
92117
91143
39039
60563
22452
53651
86522
89205
8633
26744
77813
78505
23728
52343
23915
30667
16637
60299
78462
80937
79210
61002
70712
86363
43686
18910
11484
83225
17126
15827
70949
39796
9186
70248
88144
36414
15330
48244
58154
61558
99058
17234
36818
71741
64180
27375
3912
44743
87743
34549
58787
96453
57510
4029
8153
89609
17540
38094
48495
17310
5621
13088
3412
84259
11682
77517
63945
69583
77312
26031
27595
68258
38145
91908
77046
29425
5419
75341
30544
21082
57584
55525
88607
12619
46867
96004
18451
76875
63058
89588
69903
24172
21264
49380
46991
68851
68021
44473
65048
80954
7636
2037
77951
48909
97112
31283
9469
37792
43799
92077
40905
8818
92414
72572
46222
18191
44024
46767
51817
6212
48322
51477
26679
46534
13877
87157
44433
89512
16190
36603
98312
91308
76840
71671
64363
70931
94432
93201
78245
94136
77459
83003
57361
58581
88438
79593
57700
52901
85259
9877
69464
73408
67788
45052
39004
89985
99792
23547
60077
27727
91727
71347
63527
85624
84956
8799
86651
26581
85770
59103
78750
46528
63618
45707
56960
45813
52636
73495
29177
64236
48687
76802
93696
24573
54918
73765
76248
80889
5099
95600
21267
82105
30035
75245
65941
68372
10290
39139
25179
41249
28588
85887
65303
50963
83534
71007
55764
71106
38642
49462
11801
71732
49770
24767
48451
47594
1649
67871
26293
57885
58530
89470
52770
76614
37024
32909
21079
9715
28773
16767
84199
68951
77545
32572
66085
69
93639
99154
27869
17470
75904
12443
58808
38574
9155
56528
14527
91140
45275
32790
81706
44043
80882
88500
5895
34001
45916
87005
62811
64380
5843
42614
17441
40608
99775
76846
46420
55408
54794
43270
70886
1639
97828
84982
12328
67284
39952
86160
22356
11689
5511
81283
9164
7196
27719
12178
11501
12806
32908
31397
58401
12743
29076
27381
5431
9669
95052
47842
3289
97120
77002
53609
12809
74049
7211
29427
28326
9078
94440
53628
82150
88232
10755
78155
56093
14860
54343
88364
98057
28758
87854
18218
58364
37318
2131
99484
32859
99966
90705
61474
84308
22822
54432
42497
63074
12801
8255
44463
57964
5860
69581
26982
8538
68658
17493
36952
37607
83362
30220
6544
24420
60873
25940
16791
82110
14431
88203
42918
14635
44655
18666
28407
39901
97019
47476
49515
78851
6710
48480
43166
7553
90526
36521
15059
4070
6600
12002
91848
31250
90594
58459
71801
10933
27813
59829
55474
18396
84794
33132
88559
94762
56182
57901
52672
20779
98257
88352
91810
13436
805
22228
91682
73837
72516
96016
51812
46978
36442
10584
92514
8600
85979
22574
41541
91399
65984
14583
62814
59314
2703
91416
34824
33183
95425
1757
22744
42804
82527
33731
18082
63201
46607
67691
4065
73301
35157
50782
74346
97076
50683
79986
29652
43614
20255
58504
10080
44106
26883
44156
28606
48751
15122
24011
57879
66464
3303
37882
92782
15350
72125
68264
52988
93816
74275
55687
63537
68539
95296
10921
32680
90178
77463
95221
32295
81001
47329
21233
98700
86945
73992
45227
26924
36954
22264
16242
15017
70033
21558
57522
77651
40247
15436
23904
6844
10240
8539
40581
51933
23319
52031
79043
87651
61734
88237
48918
97178
85729
66248
70667
65902
43239
61271
69921
33302
32190
74928
71937
25766
33722
46255
52395
30951
42052
808
61785
73930
85777
43991
79030
13926
24382
48522
48087
78417
2418
44820
12646
6634
12056
8028
33359
78902
33795
40705
72831
16694
55304
5117
73519
74180
72124
81126
18430
31525
44880
10803
90761
90515
49875
67921
1089
11920
86532
45968
49427
19004
77603
22932
67612
36108
30023
32317
64639
10142
66439
524
81928
45913
8357
22218
59131
41810
44320
54496
33333
85927
5727
38238
347
20948
95948
27690
58081
71554
88542
46883
33259
77508
19253
61979
35484
38499
83722
81801
77921
78857
18427
96784
84892
3847
39305
98594
22459
85867
93514
86742
6406
60981
7582
46040
32106
11496
99850
42819
29362
94976
17900
87797
8432
14726
74027
1389
87529
7214
84942
72322
96941
71246
9735
51374
58816
79787
88124
12722
92966
60204
10043
84878
73576
64076
82785
79169
69070
44336
37639
25044
65154
99057
62666
73735
57220
48277
61729
45160
44000
72860
51413
95643
1081
27862
31488
12892
63080
46838
61974
32426
86376
22616
11910
47592
97025
29140
61439
57367
65559
31416
62932
27983
765
50735
40731
2320
19076
80081
38514
77771
39745
31122
89185
76520
41035
89608
94007
46129
85157
98475
58948
3242
91958
38910
65550
67465
19125
13059
28225
15272
22271
48835
16100
76660
51903
96460
63288
38131
56921
18795
7966
27346
54272
12506
43702
74283
86256
36277
34494
89114
94014
76122
59616
57795
39463
81343
9846
30387
72243
78195
51
47475
11989
56492
68319
45426
42872
65406
96556
96346
33235
49228
308
97648
12113
9108
65235
72964
89220
3936
70704
85155
22864
33140
40911
12066
52169
21604
12249
64395
44516
19564
92714
23980
42382
22224
43952
75396
60693
30773
16359
64469
51975
34747
78813
101
27716
48785
23475
7715
32589
42892
46704
49226
4924
99040
2833
99035
19586
76901
98075
93649
24472
32755
84048
15766
92493
47612
15640
92797
66109
35293
55326
86534
94255
27348
54870
74785
78570
90072
80618
89146
75509
67740
36953
76118
46155
51430
86269
89950
57187
72680
17784
37491
30760
41608
37771
11657
6969
8666
60736
7739
76057
69012
17282
56063
77594
92573
3129
88078
43500
16540
16678
11273
5320
69649
32053
88925
25845
26406
65927
84524
51655
22538
28843
43274
12525
74590
53649
67473
18064
15595
65843
71905
610
47657
41568
54324
78875
93458
54583
72853
130
54511
90626
88160
94017
39509
70845
86708
48127
8309
16024
32273
27444
52360
94593
16542
5388
61326
59934
68294
77976
17440
52863
39621
51635
19670
35418
54017
4612
33478
3189
6286
2572
12265
22139
50421
1636
49593
76831
88638
26882
55674
78543
55320
26286
48964
49707
19919
62870
26307
77871
59491
60796
90676
66904
21210
62031
81528
11389
36714
89907
82641
68681
64495
14576
83350
68177
9094
35101
99140
25913
93085
74122
23345
17925
82116
79538
49266
18063
25381
64948
77127
84043
4063
61252
98301
32524
57158
52785
35298
13860
2768
63570
69490
5394
64349
6527
73122
31582
33137
76753
47648
83342
36611
31722
1358
7995
78589
33075
81571
70919
14903
95901
42779
14490
51274
17754
19975
72812
90877
90704
51896
87997
97231
56506
28823
45784
49523
52014
46399
69855
14558
68704
96504
55289
31493
77863
48311
75223
43168
8230
33651
70121
30549
20311
54213
17573
64785
12952
70506
17024
29858
36054
38933
80912
73720
33620
44421
76426
82223
34248
24250
3783
97482
34112
31782
62595
12289
56113
48659
19339
84798
90987
76138
35097
32466
96747
56456
70408
15524
68556
92532
84668
88929
99272
58946
88957
69343
78015
66604
12432
85566
64981
84075
36993
12375
79046
57318
49121
92736
82640
83458
10271
56305
62347
5053
78964
35310
65624
16521
57118
59462
58102
81054
53192
23969
9760
7341
56363
68188
10248
12618
56203
16049
9619
46069
95239
60542
87678
54401
73412
93041
81840
41525
73254
53795
88068
12887
27543
27784
87489
73715
85247
47059
49081
4866
34754
6499
55731
49249
30556
84944
81924
11285
31294
48383
80984
67762
85636
47462
19876
12514
96396
78555
82306
18944
64852
6494
54438
77427
85537
73663
7755
5559
23026
45452
14468
71198
36642
41944
87335
61219
96819
30039
3016
2967
82557
77702
79976
98163
35580
80145
87475
24148
20968
41852
18780
3176
12579
17482
90894
96093
78380
49489
93603
58034
34752
81841
80768
61752
53047
42941
75332
58156
84964
51712
30988
80335
9342
40351
26640
48793
84297
63272
8211
74898
35656
57774
54986
14209
35737
38359
6947
47494
21917
28589
55009
51264
94237
44932
16901
81447
5460
31382
94947
449
97775
22032
10685
20604
99579
45811
25681
87922
21335
15792
32483
98515
90023
98150
18249
41659
72301
48334
42962
71376
24040
21150
94834
44609
69210
71508
81568
30876
88569
76475
80909
49021
95982
81268
26844
49428
86729
59470
25425
52889
10092
74094
12746
41843
12672
67421
51175
39016
66728
27257
19452
30983
69231
42405
5550
74039
29462
88369
38984
87174
84706
26836
63935
85984
34399
80012
41111
59459
38502
55212
66517
64421
39382
47635
71259
57272
83696
48198
81345
10373
10542
27516
70958
23181
21317
49005
47800
96019
21750
5020
65782
33618
71631
61903
66732
49012
3464
27964
20883
41255
17509
34813
26746
33289
43520
49491
24195
88238
728
36515
31077
19190
31823
18395
59941
42341
31741
66444
75735
27656
44037
15752
56247
82240
43385
15365
68101
71095
91099
46922
67347
33422
14069
17728
33622
80349
76559
72410
43796
81846
13137
77483
89892
96811
1403
24876
88966
59727
62618
53529
61776
153
6859
85220
30759
4227
95254
33210
37281
78274
23847
22435
81991
96179
21939
58479
77653
3235
29323
36979
73652
81892
79070
90004
92520
69939
47249
60666
77912
70016
89088
91592
91421
91007
89835
17006
87895
78404
96873
71462
22844
51453
47544
55103
53202
5595
72687
78255
92845
80256
61358
27152
94434
71794
26117
42246
6558
57232
71081
65055
28548
6647
57059
87480
78372
37555
93358
46675
40096
88136
87274
86908
66322
10978
81642
59927
63547
87351
87941
35998
3785
96552
19401
37453
65572
92703
4532
86097
31196
15426
35965
90065
93989
37627
20500
75409
6850
63186
838
84598
27219
8301
20537
54262
97767
761
86432
38207
40717
28957
81238
47321
91385
89593
58268
9641
31139
98522
10497
87538
86012
57755
88572
48673
5382
7515
36035
39528
56427
21269
9973
91270
94140
1558
66675
86185
53359
16331
94155
32006
66271
53300
45237
58764
39838
36914
64559
76838
55199
774
36255
10482
85225
55676
80164
96626
37282
76173
6118
42905
31052
36862
26272
88912
54086
52905
16373
92888
40217
99046
67118
63538
37171
92285
66355
76781
41112
69510
21364
10599
76483
56589
69098
5333
61312
44682
82799
45857
67550
89868
76569
37817
41414
55628
67392
74726
70412
21621
18828
81269
92634
13687
49444
62004
78993
42939
21366
9600
88576
92130
6194
41689
44439
19347
74597
65983
3031
80566
39336
24884
45497
54300
1124
31129
4625
55468
6966
67325
89077
94069
81732
3719
14346
79841
14505
88775
3120
29324
40564
50062
5308
31695
45332
55779
15210
47454
20072
88849
74551
66673
826
11889
54484
71329
67687
58026
67730
86693
64478
41523
38569
22800
14620
54765
33066
16972
94603
62944
66216
53419
97736
15652
51680
23266
69434
83632
11404
76889
83697
65870
57309
73373
22390
92068
24146
42463
60972
65717
44400
46745
82605
92087
33569
63535
36855
832
15660
28276
80527
77470
87483
24129
470
60927
49548
91872
63369
4415
13773
54694
9553
74800
85206
50553
28514
3594
12808
94387
91467
92124
42707
95363
63569
43569
31073
79480
63784
92136
29263
3291
19817
65680
1364
86882
72008
22186
96852
55614
81556
16991
60710
25435
53296
78765
81923
83088
87060
88568
51661
44462
36343
87619
54159
82395
46755
8223
53171
83381
81282
2256
51111
60316
32075
45853
67712
52168
74814
8043
85804
5576
61307
18134
31912
67557
49983
88625
35325
42494
32508
15741
62247
84331
720
85435
99355
50305
81187
43425
32655
44483
39770
43550
31041
40860
54902
59601
29303
33806
41177
75486
99378
25224
21299
77820
10641
58067
19842
15815
40395
59036
42838
43483
6370
90699
9282
94058
76325
7062
20180
98756
44176
37246
42754
17431
55501
91074
85812
65153
20160
2965
74292
18312
76892
28948
39965
82754
74935
31458
14383
27861
8920
34575
96469
56009
3002
22409
47337
42385
65375
87991
44450
85803
16497
32837
48977
11753
78229
62840
59294
17910
72665
74833
12145
18246
10998
27580
13070
28826
52484
1101
23326
71609
62831
67208
76895
33089
54740
14283
66376
25787
29406
60614
78936
77891
16958
15924
56713
90483
76975
65421
98570
42976
54396
56079
35530
43407
28321
60608
38788
29128
4186
37456
98907
47234
55081
57919
63661
58854
13548
14224
54079
15904
15159
64297
40836
18207
70112
5662
97855
92069
63979
80149
94629
25143
6620
42848
11523
3415
29518
15592
29069
23412
30542
63499
74591
10242
86322
79761
23296
16317
22056
74462
59673
15781
2369
70375
44311
27349
49968
41136
14998
50790
83000
19754
80372
79041
29005
37808
87929
33706
88962
69634
48336
99015
81218
59807
89390
4424
77145
66110
94114
30364
9383
1027
34534
26232
20364
12207
42617
97966
47167
68207
70650
2175
37044
58757
87996
6335
60822
82789
92204
37634
38596
71413
43778
49471
24533
31017
17446
41229
50017
67452
11092
45102
54234
5122
258
19303
74721
35916
73160
9401
70964
86783
82689
9215
42639
52052
64181
69693
65098
40555
55685
84442
44946
14690
65740
28378
41657
91904
25769
42778
32214
45990
9844
3658
40566
31702
16526
51804
1129
75485
71151
38637
75656
39660
2846
15869
19974
13415
39204
45592
62304
11390
88380
82085
907
84499
45442
39367
13139
94336
5370
91220
57513
48647
8206
39433
27374
45719
13771
57841
41894
43311
42033
66402
27234
31262
66613
91668
60657
54951
36999
34326
20493
21605
19360
8908
56488
49024
43248
81194
13784
11166
41286
76241
30041
28885
29410
77972
21624
94431
44562
32685
88594
86056
89546
35283
25397
69292
91252
80643
12522
48482
87388
7713
29577
73692
45095
15143
88272
66873
89462
91761
54034
76880
54535
11873
2896
48913
82330
71161
93740
70857
8038
7264
31681
16697
5487
82185
57377
70990
61879
76375
82856
40554
53830
22310
66111
92623
45855
71319
95222
89012
86008
91011
21597
78288
41821
60392
28635
29887
63740
33832
60913
4798
191
12936
51165
16410
93061
87628
5488
17841
66329
10756
13475
74386
25016
69211
36828
47062
25493
15087
50009
81678
93614
83581
47765
1965
96138
54981
19102
28474
14946
64273
48643
94724
66599
911
64986
97972
92137
43358
85387
64671
83228
52009
27970
28756
84137
47091
59957
7821
30207
25039
398
61450
54681
57468
38396
86991
48391
19298
50542
65100
13700
49317
37011
38352
33427
56521
94779
81950
29383
77529
37762
16184
36262
82562
94096
72689
79468
48848
45870
41703
24421
62281
2547
2014
22135
92079
67852
74485
85942
40623
28231
90299
91493
63187
55456
85670
13600
29056
88988
32439
44045
5420
28827
63639
43197
70982
53986
16945
40063
79459
70163
10785
65349
54627
28488
86034
61969
82305
48543
91049
75698
60270
64651
41038
31280
41779
97939
23373
86233
4904
56898
80231
58149
92903
81772
68033
68140
53145
90758
56610
63032
80982
84984
22295
60161
5825
19703
31026
79319
60398
70642
89791
11931
74834
97451
15242
66484
24801
38370
60777
50828
13923
80114
72550
5642
33919
18376
94182
79964
61409
6899
28014
70674
40144
62013
29338
80228
94397
9621
14125
82241
35186
25207
25855
66828
52466
54190
92082
18908
72709
73945
80042
13797
37295
71695
51024
4881
64921
61728
60141
30296
21454
58516
33977
22877
37357
75019
49349
7889
8826
10590
84076
73593
76763
14826
1539
51614
85246
29812
75609
65027
11371
28720
28500
73565
50591
13285
48973
40221
98512
20196
25744
31641
79260
89724
5729
98726
89081
66369
57218
37360
88688
48822
38540
18329
93589
85869
52659
18311
44236
7640
85472
85278
64208
39309
21598
17706
50797
47634
18715
76903
36679
56097
33022
78926
3696
43734
60594
93029
80433
36957
5776
27544
90216
8613
4027
66155
75532
83548
66937
4687
79515
50445
89542
66811
48040
23999
22266
24605
86918
92425
21181
7316
33819
30638
86399
13312
90405
35569
59330
974
16815
19257
66778
57621
21698
14203
79413
93442
58166
47231
63147
47097
36900
35852
70086
69950
97563
53306
9981
45972
54365
86229
19060
65146
43909
78084
90702
58962
31860
9789
18701
64557
52464
59004
63024
1325
28934
71024
79644
12945
92214
7240
77012
90489
53004
57854
24185
88205
23676
69307
83729
49134
62379
61998
51533
50133
91040
45418
91029
51416
15202
7354
64254
55113
36510
76665
87201
84673
27289
68917
23104
1392
85430
37381
3712
22456
20100
24142
63472
5740
61719
40916
91442
18449
12078
26727
17738
31845
26506
84455
78818
61007
5889
90915
48243
98140
9130
49334
94882
40028
5379
63725
70283
50011
88644
39915
85784
64500
33605
41833
65191
44614
50000
32987
10796
73494
95062
75469
35410
73441
25013
36553
50966
17220
49391
52083
12316
84206
12403
83128
47112
38715
62990
29020
73723
75477
76779
48106
57414
98953
21799
32203
10276
19491
40835
34077
15336
78744
28471
596
6087
32479
22258
99705
1038
52774
40024
24631
45008
6778
28904
31414
39040
95313
96700
57345
56326
36573
6978
84260
51664
16428
84784
43496
336
6069
86860
10654
60814
61721
76549
44296
98930
62849
77749
66084
58126
10469
82909
33109
51292
88122
57405
50706
45501
10550
64075
70981
9432
78201
62977
85275
92872
61032
73763
73817
79156
71060
29175
81676
78447
72957
99253
77149
94333
85450
94106
33380
30169
35044
87224
31899
2429
67922
19250
45456
83847
73052
60745
57981
64875
18018
58527
95334
10788
99633
44881
81024
76916
55513
45493
20571
79546
73513
59263
49402
41912
80505
93159
2519
8008
57455
16164
95995
12629
91881
65629
1514
63949
63004
51060
88226
11240
25828
27877
27715
44912
3891
84168
6148
74777
18437
18290
55552
82498
18433
89676
83610
96882
35306
72373
99469
63297
71231
32931
54427
73925
11742
7803
65759
44803
65729
90920
80956
60088
15352
32394
13065
89483
11129
23826
72463
84960
61679
71839
62828
33265
80421
43731
86445
29532
64433
58792
19528
22591
61066
46452
29057
17335
21709
29901
33192
34510
90437
40878
11679
93486
66854
63651
26408
65904
46641
82235
45564
5641
61090
97987
48894
57508
29527
18586
38497
88231
37964
63253
62564
62542
29924
36675
34458
56208
61659
41355
47661
20792
55718
20629
55899
41793
46716
91639
59823
17166
39912
1483
13690
83842
41543
38717
56733
63694
68184
26040
30049
96292
75945
84732
86480
89935
87377
22079
11429
95850
84219
48626
4783
90645
16314
61753
59622
17236
93081
86706
78110
58410
25089
35362
79993
30108
93747
39050
2281
26984
7023
65783
19139
42176
62257
102
53750
40082
45087
57831
73134
88081
85101
8259
80848
86917
72629
69336
16953
29437
40712
43221
12677
89140
5901
22441
84187
40163
46072
36691
40089
34849
27925
57791
8588
45240
94632
53213
62051
19999
49959
17445
25973
53938
36278
66981
65956
86092
24446
19633
51270
91044
31304
48914
71405
96829
3563
49858
99460
55707
93007
21143
34570
18034
42269
44041
15913
66956
79439
92715
14376
88430
42027
11048
67222
42757
25330
94325
58597
93832
17704
3932
46987
37231
88587
62264
48218
36112
38039
37262
77273
85288
8218
80394
57499
34295
82270
76319
77393
10766
37123
55382
33148
16318
43306
76101
85498
59339
95486
40330
11650
79185
91382
12503
73184
53304
6815
19980
58204
31234
44447
47706
13
10747
41006
31215
52113
35290
99598
53499
78067
87747
26815
92468
22169
65112
83418
78063
60487
16746
21398
60936
34265
98529
56001
51740
8793
17144
24371
91647
34515
59483
55414
86605
94022
32540
96366
73787
29442
61229
18052
96277
38831
6422
83222
91403
26452
23982
29291
64521
89515
86058
66983
91536
45197
98845
1680
6280
17510
5999
16071
12194
82852
23243
98062
50625
84336
44229
52072
41896
45801
26099
94447
55376
60153
30711
51461
14342
86538
39174
54295
65768
10578
73590
47669
82963
77789
61592
76105
10021
54469
81249
51764
56147
22194
65239
92640
69559
85895
35162
30780
19606
29134
34214
24427
29251
68439
87196
14217
22331
59687
51084
34303
21213
98486
24577
7768
98385
56910
70005
24182
74366
78577
4832
6950
52076
8866
34468
50575
99431
95606
6205
93062
91495
43463
33438
43493
41279
40231
25584
36252
31464
20661
14269
80530
82773
24097
106
58849
34960
94166
57684
80995
22748
18136
42201
49753
78376
61081
64088
88062
5832
5914
13590
10594
56306
33078
46380
8936
48190
64971
11348
29416
912
55483
26238
20820
76316
92735
58760
49457
66094
1527
26168
89165
44215
88077
7725
69992
89216
99707
30606
77354
2527
37948
92041
83814
1057
20751
86366
29211
35692
63234
23429
95497
61147
76348
85703
65709
1266
39717
67876
35425
31516
49366
10182
55510
47664
1986
24610
48660
78872
17983
40600
78786
45879
29314
13322
22429
99521
61760
76789
46057
93765
2719
21940
7227
30093
82560
54669
53371
20940
58366
885
7043
4414
18315
25722
98281
30136
39700
6959
34
89814
73988
22293
82205
59205
66755
62325
98847
17671
1314
90640
38724
20088
21881
86059
7547
69733
52685
33842
92398
96395
43894
88004
67560
91623
38014
81759
58377
50662
79031
71750
74861
6498
47977
21639
34417
43339
28685
33135
57362
71104
37681
20531
19046
61725
10196
75021
89315
48765
10075
82285
4505
5081
87217
48476
13060
43352
48354
91447
95884
96581
30164
49472
5775
58544
28796
9866
88091
23941
37236
4778
96635
90387
78101
23817
93078
83118
6626
23424
2580
69349
55972
14363
31375
4005
48241
73260
91450
38079
51633
57401
22652
62739
65058
40931
76698
63540
11270
8823
29366
94423
93612
42715
76124
82378
39659
11690
31964
31391
35280
57014
15114
78423
80281
5418
72175
23863
13028
79176
31669
74360
42620
85940
34584
57247
68189
47042
38746
41099
62592
95385
70833
26781
14837
55379
76850
51065
39840
14446
55195
8749
89739
26413
45184
36500
62230
9563
13737
21161
63082
98359
46741
61038
38554
51196
18837
85823
96896
59152
59117
87240
22693
95828
15286
51701
71553
32060
17544
91440
52976
70856
35705
21797
14553
38742
55402
67627
61935
76494
83738
18930
67526
63852
34473
47294
17846
37494
13509
23264
80603
24793
9367
95527
23443
72591
50102
56421
71338
71409
78392
4377
16664
67132
5149
61652
99967
34524
15798
77547
36823
39875
97632
14725
52893
86994
79532
58840
15728
45739
8180
11286
61202
27947
49003
74428
95337
28546
21105
38636
15800
55228
83805
16376
23133
87744
96232
85184
40091
50355
19857
9579
9265
50242
90107
21420
53242
71326
50342
7947
54850
70725
550
5869
91794
15995
27584
93996
6323
86811
45288
6143
63355
15172
18385
71760
67972
63023
19910
18015
4014
18530
26991
89976
77495
67776
72246
80927
19579
67381
59420
14459
15597
71909
53188
25719
50299
92834
46609
39028
22648
60526
323
14310
22807
47191
46637
75447
23911
12176
1873
57144
36921
37770
39347
45535
37154
75605
63906
95949
44260
49205
21665
81270
66303
2287
34488
62159
53239
32046
16755
28077
30875
59657
68688
68537
57946
90739
64838
30913
29276
83528
42906
85894
69306
50822
51001
93294
17868
61438
9476
29714
37975
49581
31617
27827
82614
76110
20079
87642
43281
1152
43144
47326
9
61442
76606
7118
86329
64991
53730
27281
39874
3752
67938
28243
92569
86736
89947
49612
5628
53231
87711
38188
28186
69473
32814
33890
20712
84658
59478
21852
7779
97655
18487
70941
51772
61673
19038
77195
84859
23666
89840
98551
60294
63443
36230
24441
58211
48525
36756
36797
11219
16137
63318
95568
92877
72224
11011
17334
56678
79304
61676
82854
21550
68767
93927
39676
62099
44345
54133
61914
95452
68903
79876
43491
22560
49879
80875
55361
21994
81897
1113
55438
70814
42384
33256
8075
93563
2884
33847
87193
74936
71561
67154
71939
74172
3973
60953
16754
7356
56479
13725
87008
71650
48054
72226
31062
67035
60122
75449
98298
46906
41941
38643
57387
26046
34598
43772
98220
34923
47053
73346
93128
10651
7721
84095
95218
77712
93919
42732
60118
55472
49073
72564
8839
67655
96835
65853
77484
57091
75702
43724
20502
87866
10313
3632
92743
18488
5347
22336
83329
84967
3423
40678
45291
83789
44618
51240
36222
30074
89493
75330
72049
22055
69549
76860
98356
2057
89797
16167
88139
6053
34330
89019
17046
93775
68427
30154
13754
57223
37185
48321
62171
26596
76890
3083
9797
2605
40455
84527
24600
66193
47563
25244
92783
97117
55354
6047
66234
81227
8485
75902
51923
73623
67296
52364
94533
6740
35263
20491
82500
11414
58387
29459
60652
55260
44054
75464
62869
80134
2994
14448
31004
23233
19841
15358
30796
77640
55856
27203
95517
3924
94399
31907
66055
86540
92400
71725
12581
65340
2404
35862
80752
33697
85124
20139
55948
36026
94885
49869
30378
16533
19867
12338
81041
82800
18113
62098
51762
81130
87660
64467
5573
21173
8875
67092
30322
7794
12857
11841
29543
34710
63135
25883
36630
54372
1581
77378
89307
37701
95024
492
116
98469
54494
3527
60093
69981
58967
25774
59177
39856
50524
42861
54944
37049
39550
31573
79727
5056
79704
4909
49588
47188
85793
47473
82624
68227
66603
5830
4877
93864
7577
39591
61821
52724
265
30495
76471
21325
3876
64877
79085
83685
57268
21231
49830
73050
27941
46252
60482
10809
59487
18863
84529
94328
12981
94615
72992
97054
91672
33872
53118
87096
9113
70481
28630
54837
68842
56462
58616
64567
71205
92435
77978
6115
41951
62202
50293
6251
35222
55548
10945
90541
43790
52187
27112
29488
43191
74184
45987
49744
91272
11096
84913
29878
30188
52932
24401
51251
18941
31205
57673
28457
93017
64155
92143
6252
50397
5791
50566
51281
28387
75460
96792
68993
56238
92808
14171
42142
90928
43241
69616
69423
64998
49923
41377
36557
2185
66371
29208
52435
58176
19965
88791
17511
55598
84948
53566
35688
38791
93672
523
53478
83149
52935
54201
34197
77265
12595
92323
25213
65270
78287
81798
82812
26957
21738
37374
57670
1602
14648
18618
61707
46160
82606
23811
1749
26601
87202
83808
38320
38861
32021
88605
44259
78032
79130
44402
46189
83158
60221
58132
42595
49482
74921
7146
43959
84146
48252
58674
19215
85325
19207
83392
47245
57056
63040
68523
33655
23606
16288
30570
29130
69571
83938
7971
10695
77981
85390
16758
76254
22879
13540
78723
74510
85179
17819
8271
88520
44318
39238
64396
54169
98260
6996
80194
15627
59158
76137
46315
856
94204
80976
51163
50146
43626
47411
78360
4508
96883
691
42564
26720
60151
66073
72079
33037
97480
46402
11987
54597
68644
7957
66072
68035
90190
28600
48721
72739
45728
70430
84554
53712
23450
73166
74053
48706
47562
92305
70205
3602
23813
71428
98932
66446
41621
41572
43259
53641
51605
46737
32020
18783
16893
44600
79298
17200
37547
41117
641
83635
42045
94553
32463
69668
92910
47833
20393
39709
34422
34078
97793
45490
14184
2758
99317
15400
54742
72705
29958
51427
51174
40644
22344
81094
85523
75064
40573
41757
89503
72149
35726
14522
64035
20826
18058
29283
57281
45618
25440
1143
7305
91157
45756
22730
25523
30001
57227
65313
77056
82365
41026
50876
56577
44821
87164
19014
78367
82040
84642
5704
3650
43843
89373
9803
90227
4413
37687
78186
16034
16764
13477
8911
55381
8679
18537
26370
46541
45499
20877
93596
66815
4338
55927
6608
92091
72225
10383
8897
22168
71177
30499
7958
54882
64722
85577
23442
28250
38539
61554
73504
43643
68593
84506
65857
73127
35855
45042
46239
97732
30004
15257
93601
28311
76244
59404
97993
91582
92475
86312
59335
32989
27159
53567
88150
37889
57538
35463
83402
46666
36141
52086
85619
24360
62481
42204
68833
15375
96698
6802
3178
91223
83100
69046
92099
51930
6219
97359
24318
55815
76310
88792
82361
95998
77125
20161
52492
49872
29834
29093
18872
65026
67478
97788
5766
47918
69790
77724
68311
2030
93231
23093
28824
35462
39447
86181
42134
17557
42488
9928
1452
37363
41113
41336
41721
52249
24983
45436
76442
57019
97439
25490
3732
88167
99264
45387
62643
56022
86746
86220
92259
42156
33895
51965
56463
31051
76088
20963
47159
71048
59179
43822
50498
52778
31202
75975
98593
83094
53804
53780
16850
61608
96814
77017
37477
90125
38265
48956
74390
99759
56127
62207
198
56744
57771
65179
62834
39485
49783
92181
12453
61089
7589
68753
78472
31624
44523
78034
62675
8660
34642
25098
46371
13813
83271
95582
9633
41176
87607
43101
34384
40337
68627
65690
58196
90496
16693
21222
39956
52309
33400
67246
92994
88149
24943
69545
81034
85420
52438
64172
87062
44646
41544
85404
43430
2411
29089
78482
34511
70045
5288
12655
46087
26283
42403
29386
55529
24542
84491
44298
58332
86826
38452
82483
43474
39858
23486
12038
14766
93423
7505
32665
25592
79594
95399
91362
9628
62677
92633
62712
71858
46294
43990
66198
7485
60033
32966
45919
78093
16200
50544
70854
56049
60066
19273
8041
1332
99111
47644
8773
38066
75037
80873
74816
69271
84869
85166
66235
74826
12718
75491
6957
50066
1740
30698
10030
86496
81875
55227
58441
20667
35930
53950
13745
91001
12270
38481
74740
90802
78254
34100
30319
86348
61479
71496
20902
2036
40548
27495
62399
67753
30247
21645
37431
4951
23549
18917
95414
10600
4206
52371
68454
36651
10865
65064
53810
92883
69725
45354
82137
5461
49360
27397
99052
74770
81359
94065
86777
49736
20014
44696
92492
40457
16847
9762
82081
74774
89175
96708
68649
64714
60992
96975
83040
29787
72856
69680
91152
86745
84412
57897
29307
56340
79474
23758
24947
88143
95609
69586
85855
25815
58163
7602
72080
71265
51629
86966
81491
15382
91572
7514
85569
4851
62615
4248
72507
18037
64806
25649
12942
54413
96014
57917
84950
71494
48432
74000
62751
5985
2430
36657
60885
11860
92833
82637
50398
40755
80226
29238
73893
60838
91985
8909
86100
26533
95037
1612
80934
86662
19061
95889
77347
24591
94122
20657
57237
86524
32847
43863
48689
97384
37797
99474
43722
96839
41994
60986
15171
48315
85221
60282
76764
54305
81822
3214
22298
61586
2701
62010
26376
50754
60864
39723
34648
99176
81191
9598
49675
96889
51208
37860
23617
92915
99886
56948
47239
34777
34328
1752
16487
75925
89888
50664
76992
39665
23121
30236
71131
13453
68215
7727
16384
2362
15764
24828
53531
65516
72135
2329
25443
98079
67709
96783
97553
90745
50014
75800
55388
2272
49704
53016
52648
76257
82460
98610
67139
928
99071
4404
51822
76981
94981
24997
1337
16151
56862
38441
16084
39057
17420
24768
15570
74644
30566
22888
49969
6949
76425
59225
28624
46500
41960
9332
75974
21882
76009
39526
92484
36840
86955
11969
49937
26396
65887
48528
25212
81022
21672
3057
64926
90847
39107
56316
76296
99488
22100
91250
20131
30973
43242
83491
63752
7342
14605
58815
66497
35883
73611
36625
44349
63343
76213
16579
30206
67632
68837
60303
61191
12709
31532
74436
19362
9611
8152
69578
40886
36389
32520
61600
40541
37510
56952
45352
32414
69816
83442
60656
58629
23250
71711
7184
70770
31161
93876
48805
74958
27811
18786
48007
48269
557
36399
31991
56586
49569
65050
58270
99650
70187
10215
75897
28793
93512
87247
65363
73842
85769
52915
29196
56490
32373
98783
72889
71788
64083
94989
18919
3410
59432
81145
33711
49757
32126
87583
76500
94041
30678
75191
91676
40486
48809
80140
32881
50703
23130
10428
54227
97091
20576
37195
601
76650
59350
58210
32220
85870
52420
95281
773
77945
47157
92689
32684
91426
70126
67158
91573
51713
82851
48371
46846
47065
4699
76727
35099
3017
93084
84567
77656
25290
91241
44457
79183
47858
44214
32903
33095
62652
38810
82746
51925
13767
48294
22483
4902
58586
27998
82191
66249
48948
40617
87329
56884
58314
74500
21992
48696
69044
66218
74619
2785
90974
24139
66695
49989
27868
91095
20686
52293
13174
64353
52646
17339
9793
37505
25875
33639
33713
72712
27728
99270
97678
13941
64886
65042
65760
93115
50123
62791
68901
63331
40032
1437
34276
25267
84707
75941
86484
46898
43844
6651
62045
84519
79526
703
54595
31763
86852
95458
96524
70440
27445
61475
36802
84907
25562
31149
46511
41367
45623
77079
50791
63302
98776
57434
64228
31927
65796
91529
79834
16722
81939
81818
82184
7517
9200
75728
59626
93550
26847
7372
88488
69342
61331
61549
13573
56052
25606
22329
25003
14656
74136
65851
888
75650
60772
21648
56333
31081
59185
42822
70761
79854
25891
90946
8204
72729
86579
53867
85593
91975
96245
38048
65934
26378
96627
47410
39252
36221
14756
93751
87630
53721
67508
93713
99629
64456
22654
52930
79106
51789
20123
97506
3286
8990
87031
66305
52735
98866
90367
53863
31204
93143
78314
36894
90067
41395
87394
27164
83179
70944
26887
72492
18752
58072
40631
99780
20287
74781
50197
68754
45950
13444
26397
24366
18650
95519
13107
23363
83997
55607
71715
9106
53618
70691
63039
80351
33828
41825
6911
70474
16777
28118
4329
2987
45235
73683
42063
45260
97277
79402
28754
67173
46765
30015
27706
23323
14828
19322
1095
59253
89229
66855
98707
24569
3238
90538
65113
17432
9178
14713
36697
57692
96628
89386
11830
68855
60129
67398
41063
96872
92494
63151
99073
16562
56658
74388
67322
93678
70971
79678
22255
70516
82294
46183
90539
83283
62891
78172
5672
59254
88264
96861
19643
18440
95892
93538
63802
77178
96801
35516
13769
97297
45154
29141
14062
77208
93549
37858
36596
21155
11341
98869
85761
73977
62262
56377
41198
43738
30433
35156
83168
92167
98609
17184
33064
98694
21426
44520
54955
12703
67512
82412
11289
45293
93025
15248
92554
21257
84750
21442
85959
70612
31662
45949
38745
13147
60003
46926
14018
31656
59846
41160
13356
25555
25008
99822
26513
77598
29708
81411
96444
29272
58315
10122
97526
597
55762
52812
38772
74636
4187
94310
56679
66785
57618
69726
74255
77297
81350
17818
31022
70904
51478
2960
5627
38116
18319
442
95780
53125
6424
65267
30282
82712
23882
62727
46959
95484
66593
81714
68727
27976
81981
78861
35832
22411
12683
18556
12960
1275
66219
85594
54505
76868
18418
89984
78295
95800
37533
42177
80490
50677
41352
75754
81677
20872
90126
76209
64783
8238
52325
22972
95753
20977
13478
66820
56286
44131
24237
50561
14370
32802
25059
74111
13736
37535
89151
5022
74605
20
58454
28800
57875
58463
93993
76167
68823
83076
26496
96641
65684
33886
73975
24929
49260
1933
60117
46856
98807
65389
12873
6780
98288
53196
23129
54238
70276
39084
71241
13186
16045
85994
7072
98365
61562
78674
45120
54209
71234
49261
77619
3490
66842
38342
20984
16390
57971
90608
77070
73007
52494
71290
63567
98862
59382
95214
76349
93382
58864
40033
91698
59792
68410
8360
62839
81496
73288
20693
76147
47530
52757
23835
99473
22492
94655
19796
3686
51448
49153
47984
72995
38823
52869
2142
62725
39568
15035
66146
7429
31480
83641
58595
98608
10149
972
42930
84347
39663
24047
63648
53447
77810
64245
43928
49670
33721
4978
31263
35546
73266
30931
88938
61502
22624
87518
86521
18886
2917
67135
47506
91963
21446
67464
3866
37694
60642
74716
3512
62008
86621
71754
54585
66265
57112
37722
81029
83480
18362
22421
71997
39864
22965
54738
97838
31309
97979
91091
67210
90775
81287
61626
29101
88275
76395
18217
74036
43431
5945
53406
51296
92073
1463
27051
99220
49376
69320
24413
6928
96994
64817
32108
95483
4346
3692
55828
23652
36692
8803
39008
42135
1695
28273
58197
29255
68873
97260
68643
22101
29183
85151
62170
19912
84106
42765
86792
20346
38511
50283
68678
15999
30538
42589
48324
5837
75204
36049
10003
50189
83316
41800
35602
22362
28247
23038
62700
75263
88780
99569
79989
35095
52722
58751
68153
57757
42545
31768
67378
6504
97082
64379
31128
67184
68379
77408
52087
711
18619
67985
38808
55680
45778
90079
51483
80004
35340
77960
78743
46880
38439
68079
16490
20109
43966
48505
22071
49606
97541
18343
6298
81588
90343
19840
79932
22645
42868
85474
99327
11962
62800
21444
20083
35788
69722
61909
45153
35897
25037
23218
91284
64165
83784
38567
79679
43938
99157
46056
57628
29690
37559
96687
95377
8743
18476
81856
96803
26078
22325
38310
15049
81927
56098
92812
1766
18428
39066
84334
41502
51403
32098
16812
2440
11169
74883
36852
38793
59817
9250
8423
58709
27585
28171
43684
49301
98268
65411
2573
52994
47003
16312
57565
22981
69368
69304
21904
37730
83890
34602
80576
38413
97459
54620
18799
29269
93447
78664
41119
51960
3812
85250
68163
30142
25939
36538
24302
69658
72772
85899
52895
92840
53471
11798
48783
64173
26972
61715
29564
60775
68662
60915
69172
67976
73313
87181
64995
21208
71954
68020
73524
88502
90059
39795
21309
65453
24483
99999
7132
15254
35302
32409
80731
87902
6314
92636
95285
95829
86519
29896
91079
74260
98017
54458
34498
33161
9238
28985
37597
67898
87326
78345
96280
55855
78170
51069
32830
15323
3651
98250
12756
63466
17038
78984
53203
50252
38431
67069
48257
31866
47698
71464
20861
86997
7583
81735
73888
3802
25977
46650
91797
80437
63805
83332
74021
10257
27175
6898
95538
44529
69020
8456
117
81027
95612
40897
20020
62274
4374
36386
19093
33553
83178
6716
14339
57874
16851
67484
65911
8141
22425
64222
20615
11828
25293
80776
17137
44352
5650
21255
31025
19407
37945
41210
58897
87681
42618
62509
61589
79358
79757
59940
83048
91352
14581
4178
60553
20754
31801
70383
1385
58455
17149
49714
92245
85920
89048
55469
92591
24042
53227
41036
17662
65771
62695
28305
63998
59752
20095
85970
74438
13439
43535
91087
49423
77686
79814
39211
88928
21707
8912
20703
12742
15098
5005
18730
64313
32238
52535
58692
99587
86525
2801
71331
18409
8331
17102
81628
59709
30884
13810
12458
83262
98541
51556
44213
70353
25094
45226
13498
44920
21357
63603
80474
71021
70457
34113
10034
77535
24973
1630
97034
75304
21068
51303
12751
46797
21505
30489
72724
49101
40141
74509
10343
35799
50485
29832
62897
81465
79425
50153
42040
33601
80104
24499
86822
11565
66658
54525
35933
31498
88255
49509
67400
32134
66197
63284
62929
53995
38738
85795
47668
41303
37403
16944
41795
74660
25158
2586
71779
72122
62231
94696
8053
34911
90487
5444
41150
25843
8696
13067
86691
42407
52800
75961
95027
12217
17804
59867
30365
43624
16400
80799
33783
26389
59549
23958
61115
61818
55412
42121
97380
94950
42878
26801
17580
72685
41588
76468
64529
65347
96533
31121
51092
65790
55822
73294
44793
80662
34993
18527
89337
6717
94426
35601
32210
68191
97037
38367
43436
45561
61301
96076
5932
15414
79805
72610
83213
96614
59935
62491
83120
43587
99904
86103
14112
20171
65667
6016
59858
39730
16756
99097
34186
48947
65683
15828
23710
34341
49717
72838
85626
79948
87739
18461
15234
36397
12946
89405
9490
64178
43103
46161
87568
30340
67651
87400
73661
11059
10818
9977
50554
66625
46787
56931
78528
72527
64444
75718
74419
4836
11810
21661
55781
31508
64183
13020
56018
39785
65820
60468
66912
11206
90124
58277
88915
58129
46113
3773
78614
1413
83185
29243
45831
43968
86488
84446
61964
64290
79429
27124
44987
89259
90265
3505
18154
30887
29116
75966
80499
72669
65084
98546
44852
5213
28539
87694
56212
91781
41474
16818
59198
91747
51847
83027
55147
53709
69994
25604
63323
85362
25978
49662
35983
63807
99091
97590
8000
31395
44326
40019
1148
88664
71661
46223
30435
42621
11943
85059
58319
87266
67700
92201
4214
47148
25743
1477
34129
77134
484
10191
14504
14526
37531
25879
48452
16495
82037
18434
93479
48565
32682
23523
30072
20191
54148
35650
91359
51741
20501
9056
51887
14455
32124
8968
11372
80950
76120
21459
14367
206
89718
40275
38629
44641
24619
88389
60098
84604
66686
27972
30894
45340
32521
86067
31479
45539
81688
6136
46875
49312
89689
93023
46656
37367
90420
31298
20904
1614
41351
66319
43539
71548
36554
13483
96632
95266
97877
95882
38515
61061
37253
83188
9523
16417
7451
57834
83361
62322
66029
93428
23408
97270
95543
52750
79603
66242
95201
46310
53604
3013
58372
16353
56889
65669
1821
10777
15139
54499
90887
80192
18002
8061
49343
83147
57084
42243
12962
56518
75170
93434
8272
27950
75261
62498
2454
10236
28277
40255
80642
51072
25392
72426
93147
19727
6399
1336
19153
96982
41073
3117
60425
13493
9501
38091
24335
74459
74900
88509
58213
51339
30837
2617
78390
74676
61723
6781
60835
74357
35184
25350
58471
96859
60621
48871
30525
22611
91671
62682
54670
60381
56838
48585
65533
54729
36695
66566
17023
87975
30720
97834
73614
89801
14643
44405
81059
73334
3540
42959
40184
37620
30980
69311
77490
43453
35317
74897
78054
22606
19684
83558
92508
38529
60661
12083
89802
96550
9972
84452
12547
35995
86409
65287
75624
8351
27501
34212
61598
87405
84749
82231
44792
58780
68493
10687
12200
56605
98089
89452
55572
84240
26829
50877
39816
16688
34889
80980
99136
79038
40758
53613
37995
27169
99196
27373
75440
19582
82878
16835
87382
70084
32757
98082
31266
16471
73174
4868
60029
3011
20668
61062
10478
21368
64630
93715
76752
2892
86424
34144
53713
63348
40308
56708
20394
30890
78725
8942
88818
19044
52773
82595
80595
79069
26717
91709
84130
30965
67626
22494
8980
19811
25961
50444
97207
28880
66977
37362
31477
72950
35200
45818
85100
88011
78899
2249
95208
22933
8015
73950
271
61938
76989
13241
29942
65874
88985
43619
86529
74034
31900
44979
66895
24034
28350
38151
65762
10217
85786
46147
39423
90114
96207
24656
20583
55700
82883
86425
58593
54042
10463
79110
79939
66273
28105
70181
47463
52768
33916
48685
50368
11366
56089
61925
58048
85884
8369
2001
39598
77032
51586
60488
63487
339
62713
81750
6940
70969
65407
68980
91940
92978
27726
71164
99564
25081
32280
62837
98598
13750
78188
91064
30648
26996
43084
32366
58080
15782
27471
95416
48135
80486
9068
53708
8004
68040
2223
10618
55426
77889
85698
61950
38221
23328
88327
19936
82440
75968
70559
98151
79345
63628
80918
48830
23236
88793
35823
3870
88298
93141
99514
79296
21885
55853
55138
57305
65900
38837
10653
70861
58806
85431
93220
10649
52820
3458
60240
47300
69166
53640
33623
51140
75472
98926
60440
46842
73862
87803
78869
18493
78974
53578
32159
39551
19204
89748
90076
11154
80756
70872
61522
57175
441
87697
8926
89631
39427
98796
64192
37399
11738
97015
37524
7453
59303
96176
75868
12485
77567
60743
51301
74378
96963
57973
91945
4394
56221
31093
34980
22272
51978
48339
81520
36384
52335
21616
123
94567
79211
63633
47474
82869
75383
56682
24655
62880
26303
89252
51859
97554
28473
21284
91535
38103
59467
68080
4858
55937
25288
26279
75606
17606
74426
52303
92625
75060
15990
11099
83599
83130
40183
35181
14580
68943
19845
13943
19658
27678
51345
63724
98574
44730
89964
14518
41481
3734
5982
52479
44123
18725
26670
89923
71601
16810
76384
78823
10681
54050
11155
94654
61238
58489
12342
25801
18984
58432
51198
33018
31724
45883
37114
34366
52626
13100
38159
57086
35707
36374
810
62404
97891
79997
841
42546
63324
22479
61815
35220
87199
83085
2584
87491
73053
4041
92538
94119
16990
94256
5147
29754
80637
15837
67545
74268
53332
8578
60540
15565
63448
44107
63136
16224
11214
1408
16987
44643
94902
35741
93236
72051
67587
17911
28791
21993
9391
41974
15830
77294
96848
80862
59740
13638
15084
1355
79202
6042
8032
2154
4534
91231
4830
94913
76429
53543
71445
90621
55807
38873
34625
88698
3330
9187
80046
92851
16147
55983
37890
44190
65377
21933
60605
82278
77440
21265
83447
12923
20289
35658
16195
53064
78573
28446
86468
56298
44675
73196
22023
2463
78968
13906
14570
60793
12068
84826
2338
99305
52330
89909
81256
89043
60158
95736
44658
73910
58321
56967
25645
83593
23220
91925
96215
20186
37981
64017
87044
56894
29519
81219
26768
41877
63156
98994
92655
71493
89460
42830
96517
52152
53482
71676
79539
16805
52079
22140
14281
46677
39978
38915
96699
67301
36351
61440
89695
29882
76728
69356
8708
80842
6625
99711
30898
96094
63733
33515
5276
5644
50659
80680
62781
71516
41690
90288
3749
17566
40598
71371
36970
70396
77413
14536
18524
27113
35607
88212
77370
30681
52043
27587
35644
47150
93279
36771
11131
30132
39781
30828
70025
4896
1188
85989
43435
52649
7881
52600
5039
66814
93905
74146
49851
55454
24545
22547
6782
51563
7469
1786
84190
38013
11475
30450
77648
77241
97909
76046
10000
58199
57690
79790
22174
1753
86046
66021
63249
73421
10716
53001
5935
4156
69127
32143
20711
44135
90641
49551
93554
36801
24230
14057
60831
86354
60839
13722
39713
17833
7836
25414
76940
95913
34805
29915
12354
83604
34930
5850
74942
57580
62372
40936
20256
53832
68793
63495
6847
1739
10174
13511
22446
68387
96863
63692
90142
51891
27775
26657
32019
901
80783
25776
60422
85520
26453
86837
5588
42307
20640
4016
4051
92755
96661
19071
64132
36764
53599
58648
11949
53262
87163
23265
45107
32996
48304
77741
78812
887
61407
19126
31000
67372
53421
71845
3405
69450
97673
76169
55968
52859
94712
49993
21141
71751
62904
12414
96386
2129
53259
24425
58342
31548
7041
40619
94357
83105
11621
94765
94980
9506
30219
95774
91938
42716
33749
69113
63226
47467
72205
30106
97179
24253
12943
5010
19404
15785
60329
61151
98955
95635
93791
19188
9284
5001
93097
78637
95507
84196
75844
19383
35316
69453
11297
18234
59061
49663
39089
77174
65631
18033
87297
4067
28356
22550
56328
10730
37213
215
39614
6584
3950
79998
73559
84870
31344
75317
84013
61242
25320
8571
50621
13188
27149
33818
7319
80132
78434
42086
89448
27110
25635
6649
84592
53748
82517
9488
62795
178
11145
54062
93415
27514
56295
86732
26872
19132
16448
26029
4489
39737
97880
80693
89939
60597
82108
67787
89666
6581
47483
38276
40093
48459
87768
52764
10876
22837
37324
19760
2714
72469
19781
76821
37227
16349
5226
69156
11128
30441
66458
85518
16994
75898
68779
10024
53273
4739
54013
49098
23292
66738
18387
89369
84718
57662
9855
80668
15664
35466
42356
39448
50939
6108
71050
85228
6397
65878
47087
83644
94892
16126
59955
48970
66567
33695
3051
43159
75790
51857
87130
37561
55447
97491
59975
78954
54775
91139
83260
60095
22474
96461
58108
17374
83972
92642
68450
33879
34095
65702
74552
56574
64474
80284
68267
56310
44487
3615
84411
25881
95555
91644
99895
5281
5844
69719
43759
14480
60591
64662
79832
13476
78353
29192
51500
14529
98300
82805
37216
50409
69807
81852
16546
86324
18088
13570
4277
7998
2648
39355
33965
34454
11540
12721
51386
66993
44760
64798
4085
10175
31179
64931
44436
11955
66804
6292
7171
56337
39758
70312
65384
73783
23722
56672
8997
99755
74600
6313
94633
81963
89904
51315
90723
74856
51128
33587
83533
37391
87350
45459
78300
70556
5365
25953
78181
16928
42802
61154
18685
343
90357
80159
87717
90213
40625
70097
80616
76787
95269
1261
84988
65946
58142
76108
55021
40467
65882
19068
17093
89656
15850
38493
11844
12656
41731
2275
66509
50043
73632
98745
32610
12305
11344
90916
16323
58226
10040
85948
8399
50410
51472
16675
35851
5777
89416
78612
52281
21353
13739
67428
27872
77335
45491
21844
5271
32224
8299
37341
11557
82006
38829
268
77601
83363
79238
90890
36653
86035
96823
43391
38009
53120
89217
14041
66507
57650
92271
11287
30693
4283
48207
50070
80422
74099
20568
56946
34658
62329
40888
34324
15283
46414
5698
82433
53656
55969
4762
20137
56031
27629
67108
55149
54606
10437
98617
28493
22478
42977
51863
30628
35083
8407
9058
93962
16508
28382
77210
91355
88323
92787
66416
80660
2101
60799
37245
12736
21226
77503
26736
95215
85788
68223
97534
8419
85398
34798
37758
45407
54693
51698
12764
11539
11291
2278
67159
77739
60301
80278
12682
82575
96497
96645
82885
81944
82859
79374
2325
72387
41510
51981
61875
39993
94839
36104
74097
80131
48274
27408
99152
61263
7616
72968
41570
78535
5681
88845
70336
98890
25837
82000
28841
48103
24554
65789
39511
13131
86971
90664
38782
44944
96910
71625
92882
53126
79204
46377
31496
13379
4363
43802
3453
63482
74894
63572
81131
37568
59492
3024
32291
90261
15639
74270
28370
40935
68904
99088
53616
27905
34945
63914
98544
4435
90477
33114
69465
39780
68519
75349
96101
26326
96741
37983
11087
43482
2682
9812
59508
10209
5965
62909
13825
95412
63021
63208
62531
14144
95587
47001
36270
7259
71722
13073
21061
34821
94472
22136
28731
73428
26578
92300
71931
67220
25073
82377
59925
91549
21857
60308
7374
90978
95202
18638
64003
6515
51438
24814
64866
9582
91132
98367
73068
74062
75147
60665
53322
88747
59888
50287
52137
55860
29587
67486
70204
8378
75538
58944
70230
61157
22222
25797
87115
42970
74470
44035
76358
6941
75799
14970
6990
38792
44937
36803
33436
6534
43522
94552
74666
17897
92410
83295
8048
19469
48
14306
44874
10319
23414
5034
82629
95873
29815
62550
54073
13363
86509
8261
1573
83960
44698
52099
65891
62091
70443
50674
37006
91377
78749
1751
73360
40535
73775
29178
52328
63306
5360
2999
48545
17065
7010
38354
30654
11041
90517
15216
33642
78324
58374
61177
85842
76565
9000
43627
70392
2137
35806
55981
69396
46969
10490
9153
59193
85688
4269
5321
98497
49841
53410
8760
8783
89522
21402
1782
80419
6413
37208
17015
93597
30477
24330
99146
13786
29278
76013
61900
79275
69524
63960
84394
32776
89316
69141
34142
58389
69175
46393
4475
64386
98525
84233
58547
35330
89202
34810
18974
69641
4847
5842
67675
44984
79051
49307
48398
52877
68689
55018
92248
70397
94143
32444
15309
17489
28937
96500
84298
90921
72730
61523
34874
86656
13922
61976
42435
73356
92798
83739
40969
2706
92375
85253
34579
87257
93324
94858
44674
958
68776
46559
92023
12465
23553
97996
17229
95078
69533
76690
32206
42963
16794
97487
86047
62989
15037
38970
7139
53546
75309
46651
50904
91178
12767
22760
56674
89100
85978
24299
81544
39413
32875
81248
48764
35164
54898
58685
73398
32376
30802
56294
39440
50856
84534
83922
75821
21744
61955
62446
42198
69419
42074
745
47125
65484
78121
90734
89710
50760
40210
82523
3893
75314
22820
21667
33025
49099
6283
72460
63337
62130
5873
44899
81552
52057
7363
69630
33517
68272
60955
37217
9463
73394
48194
21462
81384
78329
17037
37902
68383
21099
40841
91711
19193
1268
66547
15475
27068
446
14902
93145
60265
5899
51036
32232
1895
25108
67461
40333
8460
38826
63035
32723
3610
31518
79219
33525
84478
26066
25411
2462
52665
37286
17916
56604
59433
14975
80953
92753
53054
25805
45967
88376
29766
94527
14181
19363
32731
94298
62072
50801
78465
76837
29358
13370
12910
29693
96919
24417
96729
36464
5569
6353
19355
3994
40663
30079
69812
87110
24273
22120
30012
39181
76829
87907
23794
49948
92733
84074
3842
31159
45781
94783
37437
45416
55366
95343
36489
74778
50092
18153
75887
91800
14159
34433
57723
31773
63803
94403
62787
28645
13862
73079
15225
13275
58551
34526
57800
17430
87904
81129
79252
45185
72303
88293
68567
52338
24356
92485
75004
1819
99110
69028
83845
46516
59498
65565
46994
32074
42576
56424
92043
99464
20756
47237
68698
44183
23933
38073
75207
50840
2034
36402
95207
89022
10314
89737
48121
11379
59974
79764
65545
65248
17490
52410
20685
60636
50729
59168
27355
513
45597
1366
2000
68564
92301
70514
44357
60658
56085
15530
82188
26143
77333
91445
17209
13192
42981
33549
32343
38698
33867
50215
6806
96428
12501
18627
25870
80472
26172
90733
66048
46238
45736
95731
82245
79536
58739
53619
96648
75215
16030
88586
10994
97201
56722
13468
54838
12221
69518
70500
87672
22902
37137
17195
77817
84462
11310
65838
3280
60236
90779
86905
72486
95187
66798
56338
83983
97435
35810
670
95216
5430
88908
64299
14865
43753
97397
71109
10916
43910
41660
23255
10110
42400
64551
38146
90359
372
34134
59475
23762
21928
8779
72847
7552
92957
90568
15946
97606
97426
53502
24112
17598
62196
35598
21913
99848
9417
54866
77895
17138
29046
4327
74163
26474
17291
69089
16078
71688
91004
71718
61335
86863
41681
95116
18744
56739
34312
76134
70208
17807
16833
5120
34674
90814
30007
61143
98411
18479
32127
19577
56871
82155
86663
64458
87506
17727
66176
48006
42476
45202
97959
47874
78134
74133
94911
19807
27746
81440
70290
56144
58734
47847
21053
41360
58752
68665
31861
85376
79245
19135
61939
71357
72326
7250
53403
17331
20293
61885
91693
62895
59411
73814
22348
85806
26761
87161
82407
64684
89564
4022
25188
24162
83022
5883
71817
54584
64066
21575
14469
18352
51824
18445
1996
2546
77625
70310
83982
20577
35913
47050
25406
1043
4565
72698
26725
77600
49782
39306
67641
46224
88042
52603
94512
1077
42964
15568
1272
73341
36478
31271
77229
16291
65506
65218
19124
12098
73199
34637
3208
1938
36376
17385
72227
89963
12927
43608
71435
90010
48598
57355
42555
94057
46536
48551
41390
98494
99289
20092
67809
75967
84712
35875
2092
99425
11116
85705
36260
83915
86781
92384
89184
49332
59499
32934
70445
64953
32557
98258
1890
51767
80512
83466
83039
55852
78556
89145
60617
90480
78256
76865
21768
11714
56515
30952
9041
65226
39115
2150
23069
25140
80080
68921
88830
15136
61489
95300
81149
94806
77155
33750
90027
43333
43378
63813
37970
24144
64825
1813
35813
91094
29676
51924
45086
28187
60963
38043
79290
65736
40526
21722
6207
60112
79811
63664
49331
39186
1810
1145
16573
23381
35073
40833
28067
81045
58902
60415
66256
5564
331
24535
91508
24092
94330
76721
7037
89874
104
53278
61755
13798
36187
47551
77394
48411
11579
70341
23100
58237
45995
65045
8751
26437
6428
97070
7167
11151
19165
23551
28863
70963
35256
19854
47535
49106
67892
26522
20105
88626
54448
59892
53012
27602
9661
37529
924
50998
29561
3150
69259
40107
33596
68566
5772
79463
35613
93235
55495
15057
45058
78624
60099
50534
45824
88729
71882
49154
81208
4555
41282
24482
17298
52422
53360
50587
39143
77066
88188
24548
77700
52123
50718
3152
37127
64676
75842
88798
85187
37700
61919
26048
32765
35702
8878
395
58009
61827
92090
11771
32822
42030
57078
84138
26004
39368
87527
6708
25631
96426
71970
68459
20716
71000
97591
9889
43267
70781
40472
51684
24832
48870
15481
83296
13975
24724
90595
86875
93116
47861
59998
91831
87048
60434
1864
36741
2690
63445
21031
71384
84765
52694
6628
34500
47043
31677
37856
70245
92063
29035
92563
53107
79385
97746
24475
36591
20127
89634
26116
80150
56941
93960
3784
33812
22578
54814
87452
56364
90368
22104
33929
73451
13651
22460
63532
44103
39373
53667
24958
19971
61742
64503
86194
1254
9554
68720
59559
92988
56416
26051
33111
5315
14554
14722
70660
16152
78698
3316
98465
28327
1253
34423
71389
61757
3220
89196
76784
50071
49856
88958
3836
18696
41258
83518
31455
11814
12940
7539
10237
19050
59146
8078
63094
83575
63257
10285
95436
23556
42018
91482
97097
56901
84050
62439
20043
2238
45264
35534
7670
66405
26187
6846
58187
54790
31559
51649
96374
32185
40499
5969
15239
32850
83758
12489
10037
39275
30478
3355
16144
55916
44285
70110
17337
26809
30420
4188
11616
87880
96977
99373
8833
19280
88080
8249
20106
394
4250
86618
91749
52906
36785
49082
97860
32974
55129
73043
21769
81565
39671
93772
98448
28201
4923
82620
4553
98606
31847
94429
2143
93183
18379
60318
84515
72066
83829
93931
91058
93704
74063
87771
63600
71675
25068
57131
428
59202
52445
53098
53953
43536
64074
93894
36010
64333
90336
40682
99698
99580
78629
76662
24470
53725
7795
68472
71097
73788
46326
92526
45449
79248
88895
19790
34167
47350
46902
63494
30476
86127
24041
80734
21676
28322
64956
36452
48530
5222
28397
70472
90099
80222
35800
37250
27658
80554
81998
83855
47431
34450
849
96055
61694
45565
25289
30307
61690
4708
62021
91230
34340
24296
80796
49853
73617
45207
60512
84395
63153
5189
54260
28927
98228
21735
31109
57451
65827
52437
13135
2359
42829
20283
154
14497
68486
70406
15944
92751
54768
57419
71469
84345
3078
14476
89655
47458
83216
6281
23393
22626
40532
57051
57208
43868
1013
21929
64207
519
33687
51524
33453
28697
22721
31968
58868
46798
56220
81354
3414
47189
35035
46109
46608
30006
24409
59347
14857
93448
97098
2658
68693
79129
43008
64082
23752
22286
42542
74819
5052
83564
75646
99013
69023
63976
63983
13562
56555
18459
49160
8893
58899
10558
8134
42110
33594
70082
73769
78790
6473
33520
46635
23461
95261
84132
3179
24363
89785
69964
22238
60121
34914
81018
93693
25035
74197
10061
24674
33233
3561
89254
13017
61571
74700
38053
18317
65371
3600
50187
50267
86681
81793
20915
69062
61485
13140
66648
47794
55453
49626
72174
986
47418
27241
6184
66581
11165
2717
88173
93433
8798
61904
63287
11003
81579
79543
15738
79863
77537
69941
51422
70326
61886
15558
38190
62332
69615
26169
89626
56419
27141
65034
66693
23668
6466
68841
25329
38411
69655
88613
49516
96012
68430
70438
36416
89600
7797
19602
4639
66844
20962
87629
32926
41558
59953
1812
54575
91291
48181
11629
99003
13930
90071
80415
66557
36391
43167
42899
74285
94700
70700
59313
58520
93862
79696
25374
63642
12173
50606
75459
2975
26964
4477
87070
18229
23895
65311
74671
37507
27714
8471
40491
60702
52389
51449
22830
78366
28858
79333
50079
58921
83384
63742
93385
31601
12243
9533
52273
73225
45607
54099
74013
67860
94233
13733
48624
7230
89792
73465
81226
94703
57776
95016
86436
36106
85904
42678
18477
73993
82459
48463
13955
18004
52539
58621
79462
72714
50866
39250
38312
64683
92674
65571
82876
80852
14758
52540
48841
