90813
61804
86934
98403
21583
7824
88719
86107
40568
88560
19677
24316
54588
51310
81761
67371
77612
4325
53393
49058
95867
79880
73807
98689
25346
56081
8337
33560
67680
58012
16710
38341
63583
71354
74617
4540
54824
92025
31683
61251
93731
61599
71449
82342
55744
40483
44051
30928
24258
59947
64721
35324
30297
65049
109
57698
31821
89520
59160
8073
55655
56826
44969
72911
71207
17059
836
98068
97094
74370
51827
82571
89991
80774
38436
32434
29210
23279
6929
19789
48208
80470
36428
90638
45763
62655
24128
4279
45955
96831
70220
54406
96815
96081
54690
89558
60002
48632
51704
94348
40158
60421
9309
22384
89093
46350
65283
15243
12572
44287
86079
54071
4473
54030
12919
68364
31245
26888
34119
43177
19851
10754
91633
70644
25404
59002
26225
30344
4171
24766
88897
63377
39414
127
46398
6009
48701
41097
69953
1138
25803
58378
15281
1020
22769
64835
32964
89005
15097
35754
85702
64265
95530
82613
51373
31604
43647
36920
75626
45547
28671
49406
38343
81455
90507
16936
14552
50978
72519
28228
540
93710
40172
18749
33028
12331
75466
93978
73120
41503
48670
86114
77654
81930
92876
8865
76000
64871
59606
61826
5480
50633
15449
5537
89496
64364
120
1256
18885
47051
48067
48235
69215
71890
22651
85595
78476
99415
50767
33188
11662
35780
8781
35758
10906
23297
69413
32622
77937
97660
88864
29796
84277
34296
6245
18818
5224
48227
1884
96967
15546
33826
38454
94305
38537
70468
83026
50093
10736
56197
9629
98278
99592
38889
82972
45797
24745
31541
92612
72172
26318
81795
48934
30943
78532
61710
19140
93682
54114
45530
16584
88114
1868
46986
81665
8510
11317
64811
81237
65647
76458
53731
72087
90827
97779
21018
61696
85041
33617
77610
36015
95444
48976
2366
7852
39719
27793
68952
35407
11279
37783
67513
57766
73017
21894
49474
83455
21475
62672
16735
33094
42806
38480
55745
74831
82542
81883
39096
96567
18788
95806
64990
98007
6491
64701
79514
49533
73742
76346
49729
64820
44379
15250
54657
1564
85918
21554
95105
33984
12041
2727
92288
11827
97382
48755
90555
93210
58499
39182
45244
142
43219
81007
84861
81294
42178
43674
53696
55833
91588
89023
13206
90239
74105
94833
51078
89615
84976
46775
2240
1935
66874
73439
64090
44235
46920
70486
6726
99666
33743
64687
85620
2849
55105
41002
87467
71965
37898
74486
65266
3583
81785
3536
70232
91680
51912
75199
38169
47920
81993
78299
67087
71822
67115
57742
67894
15393
7275
7650
55166
98867
2708
8796
20938
95124
2947
19213
4492
97265
49171
68391
62778
82997
19269
92407
31043
91722
37010
93607
9763
82582
96043
12326
57092
38920
88058
33006
80163
8957
34913
59633
21995
20813
73228
71522
75456
87714
60987
20411
40736
88799
74220
53137
3158
35639
46533
47306
43210
67097
85077
70100
5062
12982
47199
23961
73250
69991
91080
16479
10784
60333
23231
26778
79236
42954
75109
99399
89477
62649
9964
70545
23008
4384
12670
64634
87052
65735
97269
30176
39877
53289
24419
81742
79974
12844
86820
25822
39639
97492
25623
26002
37478
42694
88283
70599
70736
5664
24187
30350
27382
55437
94170
49715
99605
32646
77022
70369
40213
37008
51666
55265
19024
25145
22244
26355
47852
42442
99888
91026
3853
16111
16327
45329
17143
78127
77085
76146
45322
41869
11130
55952
62019
68730
62804
34840
6032
30444
82884
99478
64942
82743
96357
48796
99500
7973
3240
51656
76408
41209
48140
18491
12251
73293
56540
78828
68789
48381
6081
19447
80436
68032
66251
67394
33982
23987
89966
8774
92693
24783
9718
53733
9751
56915
59434
49741
16274
45832
8197
58657
59965
28339
32583
39136
47626
25947
57037
96389
80574
95390
28634
30534
13783
15507
70274
40659
75236
18988
63932
93364
94165
94789
10403
87162
76486
77835
63179
40191
40279
39026
97604
37161
58121
45159
74058
69073
91895
67476
47351
98860
47183
18856
32676
86647
33237
15443
9458
56043
40988
81880
91643
64296
23789
85720
72549
44758
56048
31447
61749
37173
76422
16844
35110
70694
84386
89530
50300
91468
74495
74589
68742
96951
39522
29298
4078
91227
21983
45898
39810
71132
17323
8832
78304
90542
66343
34105
37691
63193
80479
35746
70702
91694
95752
53099
36128
33295
84329
13153
96807
94086
71067
42924
4713
99069
90312
87746
74265
99911
2656
14813
58261
3327
38477
74631
81253
4131
64131
38971
2425
36546
28884
61283
91543
16583
98435
47637
95294
92556
37272
81339
10650
33822
68204
57055
30731
43045
35924
63222
40182
79864
6532
66116
46134
83042
67717
77399
76724
43111
43690
9516
97675
66924
89751
76782
79366
35736
88971
30729
57132
92421
44264
34220
78893
56039
49928
27104
6603
89574
50273
64804
63992
40401
54139
36949
49607
10278
74067
28009
81911
8279
82341
1721
2087
23781
52318
77482
40119
16105
92402
58358
45935
10445
54330
31772
91608
55344
69700
50058
49314
59880
63571
63667
16219
24936
73208
23844
59042
85102
1972
25965
72803
8930
20649
20446
25193
4436
40893
23888
42696
50351
56912
39074
2514
11751
79394
69447
31449
53764
80355
91873
69798
59502
69660
73155
8672
30116
15922
92109
97137
21950
77558
11633
95563
68628
93495
79300
56332
76412
59364
67514
19565
34349
94369
14835
50818
20654
67480
55810
22482
92309
87428
9335
84840
74850
42762
59001
89051
38134
68507
61067
35319
66793
58541
72688
90892
2300
25019
1462
78548
39142
3992
2220
28487
19156
81468
56646
93784
26244
28424
34275
63160
60979
64779
4152
40747
28628
17912
97472
43173
44330
47490
9683
71945
79744
67152
53352
67609
30445
51883
72240
20461
50166
39025
76843
71454
54912
16878
43265
5304
17164
6229
64391
80941
57865
91673
29944
60862
736
6231
33863
42090
93453
68211
8205
95823
882
25362
46058
95189
10193
31096
47201
48439
88265
80093
85707
38478
70156
55292
97383
28900
37911
1065
96319
86342
33810
79523
44933
59194
48985
40655
64655
24381
18370
34898
25055
45398
26049
7743
8902
70773
80358
95115
60651
55618
47888
87693
88789
41584
47036
63528
33504
70521
89887
49926
91944
31750
34861
36309
70985
40464
93609
26606
14187
47789
25540
17275
40444
42888
83387
68913
51359
92256
36732
89638
49749
70844
90494
71043
8317
42229
7731
40668
40768
48005
37958
45980
31313
57828
98161
74487
84777
24297
4304
94442
54322
3698
77938
3388
79424
99468
69123
19187
41676
34825
29521
15628
78227
61746
36359
82273
54922
66594
62658
12039
69931
67790
47689
64734
66224
12490
59106
60485
47835
59043
49364
12663
54410
43412
29759
87292
40550
57071
74351
38658
90547
16895
58223
21855
27129
82602
31527
82969
98763
95675
47280
71269
59617
90057
69592
53094
36616
74966
7423
58784
87550
45588
79591
52850
25245
13781
57519
40629
12563
82574
72147
79913
24196
87598
72630
29280
44765
41200
89354
7242
26175
19008
88617
26635
67103
95357
4143
61345
71828
21427
96463
83653
77643
87905
24181
39488
48281
81250
59453
14610
24561
62064
69978
97849
48401
70435
54228
70024
18006
37674
55526
69187
8955
36229
15550
78140
29289
45894
57832
89159
45936
20317
51711
28550
79078
40660
7843
99303
67625
93869
97123
39281
15972
15583
99231
24527
70954
82048
91062
15458
74460
2263
59862
44257
14198
69796
53415
11298
69250
92839
79550
40843
28867
15989
81101
11520
29060
31769
11114
2542
14638
83132
4378
27168
60160
66410
88371
85622
59619
55737
70849
44560
79393
16264
50812
61883
93373
77510
94036
73113
80453
61789
8146
37226
83138
68986
86891
83958
45101
79558
60942
5398
75942
75274
53661
10467
60021
76187
1789
43376
64
86089
57728
86182
72048
80586
13646
4191
93630
62468
44525
56173
12557
50068
14799
35032
20112
36532
22406
52301
81960
11139
97521
70236
95700
18182
89640
99116
53008
73515
36375
6730
60933
91055
53657
40546
69692
69960
86692
50100
59648
39651
43597
68524
18591
10510
34108
18980
67679
41361
1838
19228
91453
87877
9049
93264
91317
85279
26134
83636
62224
23167
56086
48748
18364
82122
26631
98596
23325
28560
40891
90202
55502
15509
61611
15742
85826
35959
14891
94457
13359
819
72405
5415
29131
38760
45089
57291
80676
3885
12631
72863
7587
70705
86237
251
30363
53517
96011
32441
93641
93770
35672
41728
92741
185
84586
68460
30578
55368
53381
35756
10012
29653
39652
26458
24914
75891
71867
83219
7681
91652
11402
67446
49022
1756
47123
87150
67073
49964
39492
63822
5633
4417
93821
72277
61148
85321
47995
99084
37746
76786
64904
11773
2826
40684
19220
64554
52157
91950
58910
5348
52853
98164
42671
85203
69763
37615
26215
68437
20935
8674
29672
10878
9069
71229
62647
31306
38887
50412
5322
48926
16666
4159
59171
45928
91245
46654
62993
32318
58287
8730
32011
5966
48160
60539
69620
93070
61591
59682
40727
87147
6750
42474
51950
97818
84915
87960
23535
20827
42882
83936
35581
27524
50050
24353
44573
70670
96150
65076
46640
16937
891
76239
72247
58634
88191
90874
30466
14038
90397
70495
76154
2569
84246
27669
72583
84704
32154
25734
65460
57189
63859
42348
15417
14285
22324
29285
2156
32728
50717
50314
30963
21848
53037
83162
18560
30205
46732
60238
21919
77691
98368
18652
78642
63833
66588
8998
26431
75257
97124
44879
79228
99943
27117
18054
85759
47752
79604
97969
10893
28991
95991
15221
84195
73714
88693
53
52307
47729
54817
72780
54546
66554
37351
31670
78239
29742
42943
3131
25489
27681
2160
81234
2814
38905
72820
33182
96155
95030
81261
36092
25087
94400
66676
81425
75174
63560
28369
45152
67023
17717
48029
51966
64728
48638
72437
43198
32305
83107
79692
16369
44437
81786
4705
82692
19199
92145
75839
35241
48177
44547
14432
50403
24497
11576
20969
96914
31793
60150
99334
11543
71107
71686
53545
76983
44163
87132
19938
62905
39395
66246
33097
57925
86483
50391
36729
86804
59052
64047
90600
90543
62324
77424
10202
65575
49990
38757
74178
48291
75161
7840
50183
90698
70658
15014
74633
95866
14862
42428
15451
6575
11612
76558
9222
20847
25033
15197
47370
43985
14855
27497
71193
82275
30999
61430
7872
83475
48513
67314
72151
80014
3989
37548
27345
4573
47292
502
43502
99985
91851
32975
11511
66089
41528
67315
66609
93276
90672
3462
79667
17193
57649
66407
17541
27790
92236
63243
40400
43209
79797
20299
11215
21300
76188
6068
21873
88720
44006
39213
99235
1147
36475
9052
64107
95138
91964
88496
40328
77806
49371
57145
77550
63759
43873
29165
94537
84440
94217
39953
62505
54852
99731
45027
71453
75579
38806
16079
41362
12225
38096
80805
85511
93972
70649
28000
51117
97215
26093
27718
63693
26405
47315
99018
3445
669
60309
56398
82046
39340
26488
46365
35027
44717
88714
20074
24348
54219
51378
24176
59129
59055
39052
3976
38613
52941
70269
63398
28965
46728
38371
61465
22572
56171
54024
79009
8233
48132
35795
23087
86698
61056
97374
41265
37073
89585
42360
77659
20553
61188
45511
81418
5300
52864
21239
13535
132
82167
45669
78371
37289
272
1645
42472
36405
66160
30817
31341
97349
50199
23955
58525
14539
52034
12556
14566
62994
99470
17320
68991
20719
88363
98680
40628
39662
43534
75373
5204
33386
17208
16138
84898
33825
84851
62331
60634
1484
15968
98012
46360
34770
60991
72771
48539
53364
8860
56260
31634
48930
7522
81148
61711
1042
59200
24242
39165
93095
9470
68114
96329
70588
16202
52520
39919
64663
48155
81102
24986
85964
90364
45901
47935
59828
54528
97893
73104
46976
34098
17749
9220
89778
70637
21520
36877
18768
29152
54682
87027
12036
67815
69288
75266
21953
65448
96668
36527
5977
66838
90891
99724
62406
29114
37336
34006
82794
87272
49189
84185
78737
97749
79316
14452
42789
26487
93828
71049
94876
81566
24960
67949
90460
35273
65721
16800
73799
26971
35082
53186
96660
55333
98219
57371
62339
56383
2530
19657
32605
43586
93221
30395
80695
903
440
58290
8709
10620
49843
12368
98632
54996
26445
73957
78114
741
47675
77719
58059
21486
90741
56703
6420
42164
79471
83809
83192
50469
36882
23974
24465
96563
92345
65338
82238
11370
71920
92578
94085
29
49838
89365
35239
9708
50908
62350
57548
6113
43696
84696
44605
17615
9276
73604
49735
81716
1234
66114
72614
34846
49786
12620
48112
4045
35401
65511
11159
55319
26361
16110
5920
50991
74662
63301
66462
43884
29643
75406
36585
36136
43052
5786
85395
8765
13584
124
21137
84285
40253
71563
31163
48485
36242
39291
49618
22996
50763
99345
48718
95457
89420
8593
28996
1279
84310
63173
73462
17848
15429
71802
64572
78310
17658
2693
58292
28483
41761
21555
94917
95089
82903
68099
4594
60613
75631
53085
66555
71166
56789
53530
20738
68875
12803
80701
62686
54736
94930
29145
13337
5082
77650
42982
38251
31400
95672
22724
94116
63332
16358
55964
680
43733
72797
29751
83531
46467
76621
49987
21655
7596
52653
60724
47346
24048
53500
45029
44836
40270
75089
42957
26466
3027
60578
26171
69345
21201
13827
90449
19752
3487
55277
33585
3582
25796
56726
11440
64749
95657
80617
66441
30752
12729
28414
86401
65582
84591
32397
84005
70287
69753
42077
47695
90708
86266
68103
22296
28954
20702
86421
68010
72233
60722
60030
25218
93702
11797
2088
37761
97463
10137
27881
18369
80258
36448
38041
54979
9986
92447
18550
46696
24863
6787
30784
23782
32616
17381
39062
50373
89793
49008
24705
71533
35041
905
77266
419
27192
78873
25040
24322
34548
7224
17905
64335
87949
4913
25847
60922
58069
5829
41841
12610
73406
66696
88531
62365
19451
58060
75200
91871
91657
3366
28877
74488
6010
93543
40846
36839
87127
20901
95541
95544
40263
96369
2555
24201
32122
33276
77118
48358
58877
57793
1945
65784
33537
17466
83976
73856
32679
20277
98473
68945
85056
28289
5538
93272
12030
89310
37678
37826
88129
20946
43831
69880
17520
27567
78965
10225
94287
49241
39481
38720
65252
40649
48159
61874
77606
70785
94697
77906
34175
57478
73730
70548
80181
66931
33455
81791
15693
50438
33314
54827
93196
52135
58860
91020
17408
71367
55544
37635
59357
63308
92997
94406
15892
70099
57462
47602
30839
25496
76636
13362
88060
32564
85645
9266
22889
45886
61510
90777
94836
21817
85254
77728
88059
25793
40015
92277
87818
35740
17800
70533
99447
11709
46059
86778
67042
66437
2957
9583
34032
18076
42462
13470
55157
71240
61847
23896
17189
26916
43468
55835
62028
4812
75305
66826
76602
54426
63672
83741
96997
13814
37164
18181
11450
66944
47819
55777
78956
46989
44356
82823
71799
70503
83273
2576
2777
59421
43247
49394
51211
8786
61085
96107
18421
36524
42245
61432
662
45906
46546
17492
89648
64133
96073
34009
57424
69446
92752
71041
88831
42491
52487
14456
21435
10793
85778
2476
50982
3294
45880
36506
97083
25566
85782
50748
54267
70444
92397
9125
23860
5371
3224
95715
42038
48016
51142
26940
50219
10194
2757
56188
29728
78007
48338
72547
64489
26457
52677
14299
93431
47208
27635
52918
94808
93104
85696
2827
4890
55072
55649
3564
28128
22077
42172
53707
25238
30930
83795
49409
60423
90756
22058
10623
28988
34476
82343
14146
43533
62783
69899
70106
30686
37872
2214
99397
2621
79919
88475
79414
43392
73382
39633
21927
92926
77359
7014
4364
12457
29613
30620
7710
52431
13520
49794
72699
6533
68579
58373
20125
39521
70133
31406
38168
5404
76945
26739
51484
22419
19562
36564
95034
90448
40029
63083
54360
42831
96286
85980
51944
13896
18146
50630
50165
37919
35129
75054
99246
22834
18813
73331
83628
67235
40874
92255
90182
25391
10279
57136
33208
83885
3531
83760
84465
36526
74140
82140
87950
16778
84901
23772
44414
26123
39418
82961
84949
8267
21062
94477
20955
9774
68393
79194
86367
78673
4638
2098
21324
44774
70130
1988
80318
70743
60050
99143
99820
70329
1078
36058
22768
68365
73681
36561
57847
93730
92486
43901
917
8732
53007
67116
47446
57933
69129
63925
70570
6476
64304
95233
50740
42688
80480
71928
25770
36401
39455
93859
21098
94487
10828
26875
97069
8099
54302
76516
60856
49789
42346
14764
64975
17150
96394
23256
1126
4273
54400
67754
56404
5539
256
29970
86314
94093
59242
13766
61003
6793
73486
38976
87498
121
76566
69772
98059
36617
93691
25712
53843
94509
36992
47209
59323
23409
52923
60537
35623
6556
34169
34717
27276
2054
82293
9631
53884
50724
77973
85790
47055
82838
39319
35409
1411
25287
35767
58762
71699
93427
6945
19373
50306
868
38902
54109
57528
752
10505
46386
77942
57244
47726
56547
73852
57702
47186
99144
42784
90903
15903
8925
42171
22797
49068
29883
86225
17707
82071
39363
72521
45585
61604
55919
96911
37697
27200
9277
15671
67454
73825
13683
73431
78149
24359
62473
65654
73510
48008
96719
79990
34882
76283
60339
22118
53269
79244
64408
98840
33101
21671
57213
48026
55196
85369
30855
47334
36012
81009
48031
61649
9179
83331
57895
20195
99421
45399
85399
42404
38428
58257
48412
45266
7204
645
84088
65443
31728
47986
26332
8932
30392
25476
67580
90036
24774
91100
42535
85733
67499
66784
67125
31952
83348
66040
2022
25672
29908
52319
97546
52878
58988
1732
36344
58609
20734
98125
53220
61824
46018
73072
41933
90534
21015
61460
67916
19
81160
43693
49142
98387
88235
71369
73904
76034
33574
54540
9734
65081
3196
2106
92267
55660
37867
14005
37805
54653
84736
5594
22338
82696
43565
16919
48605
66119
14199
33045
61456
15538
14106
88551
82043
49700
46583
72297
25752
16236
22913
86197
34785
61575
1010
89780
26201
10190
33991
56556
52584
35531
14778
60907
34764
64013
38677
11656
38893
45155
20934
72111
87046
71511
30645
33364
60071
87541
18348
46983
22677
77371
39648
83804
97175
67979
12870
93367
40698
57267
74995
85343
23745
80300
97125
23064
95702
59554
1503
17085
44794
4013
88424
94622
22867
57562
25051
950
43838
74391
64340
46505
40542
15468
24827
98493
46491
97888
66636
35244
80383
85393
16320
20387
50253
4112
1007
19611
37985
71339
29118
23679
51700
88491
48717
5318
44673
73722
33480
94379
49265
79291
36009
94968
50029
93004
93139
97376
20113
60147
88574
17410
35402
41717
72042
15165
31594
76025
41085
82682
24007
72094
70950
53959
72832
70085
40974
18299
62821
66059
11056
23060
7720
90578
27583
19037
90851
78266
88166
68728
41344
76822
55989
85642
89815
14072
39018
90363
35486
90330
40092
93511
19949
20329
14652
71335
51120
66353
25233
42012
78222
15623
54125
19785
69011
58481
74620
34406
80851
93903
50150
13806
53558
3250
14800
26541
45282
94904
19086
56070
28906
38286
46977
53409
22859
24790
63506
20690
82346
83767
20512
82248
91358
31448
71665
82425
18759
49090
53396
8805
99188
58979
87955
8567
52985
78756
16607
17135
67290
17
38664
9214
24340
8390
45558
79049
7334
16074
4668
55086
87515
12339
84656
35092
78903
23805
6615
5528
81182
18029
25359
48792
98508
22813
28146
99737
56631
75668
76216
41054
81097
72061
73484
43316
42169
3509
35159
40776
92761
55060
42900
18490
59278
26153
88119
31996
97542
54671
22735
88390
60694
9987
60202
54993
43080
12637
47656
6637
47299
59573
11368
31103
33509
83459
67978
5243
41455
20288
81450
69459
86883
46156
97450
78427
59931
89903
8237
261
66796
92891
91017
87956
49295
79303
82019
70167
99249
19426
73415
77802
23774
49970
22714
26464
9455
78182
34932
86600
87576
14637
51976
58436
87603
58161
62631
89633
12896
63045
70664
45691
19819
16496
38380
51856
36787
87752
82861
11688
15173
70109
66306
40879
46662
36274
67096
72649
52881
79768
68592
95834
58323
14294
54028
21791
4736
74808
25031
46779
22719
76667
84103
72981
25456
77478
37050
80434
70754
79694
79052
77499
33511
36380
5136
78068
67579
63549
17574
92182
50478
72581
43109
58053
76259
17888
7525
92251
88216
90318
43433
30695
43922
36220
9150
31716
21182
9405
80966
37151
81379
67316
26826
68071
83822
99545
81886
66660
49871
73780
18704
60091
70089
67963
42753
77729
66541
46952
51815
32148
34893
50796
59534
30179
58344
48107
27839
4659
58600
39290
92175
97310
6805
81095
25316
85015
62936
52411
64928
86555
70338
66154
2353
68714
71046
37113
74963
11009
65454
72054
51177
35900
4707
32144
73290
98375
28807
8020
60696
51398
80178
19520
21850
31908
60217
4842
6308
969
47204
84852
34128
37067
86360
68527
64987
37307
31217
68784
66823
86819
91864
87957
49042
73064
14596
7330
61849
93844
65163
16075
14693
84490
77516
68385
71242
55019
94667
87139
42315
18879
34788
36513
34066
40907
27852
91211
11442
93686
95431
91546
4229
22860
54549
1847
52340
13932
3094
2268
10960
62872
76943
82190
35876
6809
15167
52432
76885
51321
54332
78821
59870
92282
5076
3346
62115
3392
50700
4309
39114
32542
19542
88176
88932
77821
11080
36491
5156
23837
16776
94162
8560
74554
58588
38638
73768
68431
54476
8988
40766
31973
16676
28293
13765
12585
70009
56906
98357
21980
32651
44723
4299
41859
8253
34206
33216
78425
74989
77
4303
94283
86037
94421
62465
54218
14976
77391
76931
30684
75190
11857
31154
92990
27462
39359
41392
87943
56994
77104
73551
8361
94172
62075
61593
49104
85147
49668
8411
87845
74100
91656
4072
38600
73292
83572
55585
96008
14463
91701
50728
35564
74788
43105
90660
95289
76303
31517
19417
61577
86560
61698
39270
9546
46332
79775
15997
57586
57380
94766
61298
13504
72453
83689
12423
88476
61106
49110
87683
10002
3680
21327
7048
46535
75260
57564
43280
83439
94840
81903
30311
55274
40432
90353
7943
39654
84559
65901
17517
85234
67329
72127
63988
51153
2841
88385
29096
59593
70152
40774
99866
57429
81587
77774
70591
90309
14709
55584
93267
94332
27548
35258
99648
62707
47164
53582
27354
10421
30098
76854
24583
1395
67485
45602
54081
18949
82263
69277
17260
47325
10272
97685
7235
53340
9580
93853
5256
95084
32133
34099
75805
64471
43827
74442
66859
71759
86502
59318
24595
25790
31534
70000
11703
72418
72539
26465
4797
23269
49549
54601
98741
56394
91729
28400
19473
83268
54187
6849
29441
89511
56366
11829
80733
54876
92443
48445
18248
90697
50928
14043
64773
36156
64787
92929
34402
86912
93274
48856
20748
5548
87392
9806
59396
16223
1828
19299
93268
51191
53167
28379
76156
42777
24481
73013
93259
53943
59327
46115
98884
33986
7120
73838
61054
74400
10425
59351
83254
51916
73911
35539
79896
78878
75331
20030
30964
7124
55869
81577
17689
79428
42538
55051
42498
38355
63647
22639
90084
62715
58782
57602
81909
41542
7853
72466
7532
76096
47297
93983
37669
54958
86041
61097
55800
19783
30018
77042
49355
56315
32727
95571
68613
87065
39170
34847
40074
33344
37343
97218
75910
26095
35947
72399
3614
33231
47394
35556
76834
52946
18853
2099
67722
83368
58698
61648
35985
51947
19636
1723
59775
21507
27912
422
80152
85480
22897
88308
3736
39063
46618
44110
12837
64294
16942
30121
75831
9184
4251
74987
21406
39668
34519
2480
12058
62387
54698
98045
98980
78439
33860
48996
93582
71033
80611
13569
51330
3118
69466
97212
1860
76551
50361
40339
72653
77583
64261
27911
89813
93576
13366
37960
84057
34962
7389
40237
24679
75905
10999
78880
31699
45755
18178
49935
4592
20503
46468
30621
59672
59109
85849
16247
1576
72597
21184
61203
1921
52217
28557
15078
83494
60800
97141
31083
89191
53180
12105
39893
94727
5332
10859
37652
87649
28161
24082
25987
55362
63399
92567
78412
97183
7077
9595
51843
99062
93134
37870
22078
15101
40099
962
73965
5018
34094
9588
21412
3468
42692
18124
19160
99479
16842
88461
27031
37260
26239
53802
1568
14492
65364
15648
57164
33696
40571
56727
94850
68586
99978
87304
83394
78224
54339
27549
80895
71745
39889
42025
62476
40927
13011
19027
66880
22398
28658
12279
43695
13899
37037
65222
99347
64596
15158
27532
43039
89418
29646
41932
47756
28580
6812
45021
24233
35961
68596
91769
13374
12097
60699
45557
19092
98951
76270
18185
21124
42409
81533
45460
52738
98215
84149
79397
88295
18697
10920
95327
88498
72706
69491
57678
39035
234
70059
72018
54816
34957
71712
71411
84221
2604
98239
88609
84002
49713
84924
77536
6864
34529
41666
37628
34725
53276
16993
95999
62435
88658
73178
27156
88935
91329
61446
26017
99269
17757
55054
90839
66513
43427
23923
59087
80460
66143
84891
95360
82724
48446
67807
30233
6459
63969
30849
7558
69553
5876
64964
26793
46843
15117
36447
19730
45600
54805
30298
80212
36583
15804
30437
62447
84001
87253
45105
64582
42088
61703
62702
8841
32331
75013
12472
55
53685
59840
89449
65314
65815
92887
86944
43977
32939
59991
38534
87321
76139
75682
57018
61529
60248
41579
26662
86438
81681
45435
57653
87430
45658
71536
13208
94699
47369
51440
83051
89280
49467
86264
32012
74284
27315
94013
1235
1759
7401
52235
56096
93527
2979
59643
13228
34252
84324
32191
4149
82570
62102
64223
94271
61477
80328
98722
33656
17666
11337
64705
70358
85682
19456
59469
30663
83662
69064
76389
19017
41339
84135
25836
64210
61045
14016
47363
76768
42165
27006
76593
93077
31284
3098
66287
19924
23135
96769
58649
68826
51358
81934
44689
15480
55010
11683
77801
68433
29271
22683
11664
42316
56879
51735
42166
53412
39937
90876
5491
49279
82463
41403
60826
93337
25781
42185
22399
51473
86086
37340
2559
70063
38358
29814
40670
52511
70863
44708
28683
94483
42530
16406
86590
33032
70755
71608
82072
55702
98425
12024
78794
6416
69523
93079
67503
19563
26515
58263
30533
70113
30051
28784
67772
46627
31212
46086
36582
36543
24959
13568
63003
52543
44691
91809
11150
45534
75308
60501
2805
77259
50331
92510
50758
14436
40980
5064
58949
8421
46882
11864
32252
3430
17373
49764
39327
80225
13390
52391
16472
64381
63204
27120
78622
76920
315
62184
72349
14920
94811
19137
55471
29906
17120
41560
47840
41130
96237
70881
93000
39926
17584
28855
19403
45769
60086
48267
85299
90172
71647
252
33650
95677
31668
52882
3640
24708
90990
79650
82646
5707
83139
55976
39298
69331
19889
52740
62626
44604
27221
2432
26479
95967
4126
37736
17752
57046
28227
96740
48180
37152
68175
66561
46202
82396
26917
64775
12576
30701
56975
29220
81173
89764
27446
91404
14844
52908
65220
38143
39065
96555
77675
78983
91954
50417
91258
62258
60641
17273
11846
40791
98041
32057
95799
50663
69867
16904
60792
94775
29163
50268
37200
66492
42395
11191
82036
20903
98676
31708
851
4856
96862
84407
65877
8919
19095
65695
68684
82201
35825
82373
67866
55342
35808
12127
81066
7349
23954
38705
80581
10577
55206
30125
92862
59572
94187
22524
46999
34210
95665
11919
55432
2931
22029
83870
3308
61768
56541
93681
72045
50776
59565
34141
31190
61550
28167
65292
52513
20840
32839
36892
93866
53698
57866
58601
74483
13351
15282
81488
4095
96365
82886
80703
41830
63019
61109
81357
43665
49542
67449
74629
81878
81746
59298
39927
29756
97794
23290
47651
45290
87806
67943
37646
28766
72565
27487
46428
83238
76193
60508
96417
75354
18393
74226
42429
8026
34315
61922
53813
41747
23401
10659
42672
72829
73584
39138
99900
95318
4897
13695
93987
65670
5979
15189
61288
10453
27894
3695
22004
72534
10152
70065
57576
46179
77574
51538
30926
90661
1903
46128
30799
81152
66069
74924
18202
13931
21419
73870
79272
54913
11435
19464
64704
96210
14783
24344
55678
24283
83133
9012
2913
53336
85704
68011
56279
39134
75376
77885
51077
85397
32937
89312
67227
72982
91866
43465
59426
56647
99601
80289
55522
47848
85405
22745
53611
5919
42875
58228
49124
38063
88843
12360
99565
43099
3978
89351
47438
38983
73902
87638
70724
70300
98414
6454
62369
86400
52430
83097
83570
6698
47129
35153
90048
43763
75125
3336
5021
11107
76476
78877
49517
14434
12882
65527
95776
42630
30812
29933
38883
53971
50480
58837
92549
57263
63321
49350
79269
12821
94768
47145
27343
3262
80843
17950
48255
15317
23204
1725
71796
15472
9530
97700
14665
73364
59149
88184
88174
51115
46124
21000
53677
48983
50389
74730
74362
97639
90406
12356
81776
33937
75934
15113
38716
9087
60233
71852
14121
86909
73057
95489
71400
41878
27437
4035
88481
42636
34557
68682
8097
46955
53355
70463
7699
81581
18912
4062
8900
40853
8769
61878
35091
1791
82572
84735
75899
33606
72047
7384
23615
14246
93827
25641
5476
18116
79978
26320
49719
24113
76513
97267
53831
25639
31490
3234
35956
81429
63119
37914
4319
27525
22206
37003
52577
6842
60341
88115
57524
93270
21177
72286
73392
25888
20041
9191
45307
23590
14717
1117
86248
34419
70718
52334
52595
28984
98592
27563
98699
71701
43955
64833
49338
53904
36182
83298
26835
12026
15088
40914
63483
37075
40779
17477
12388
60234
19998
16881
69839
47439
21344
45636
55387
93923
9623
35318
38769
75006
25171
39041
94788
86935
13050
507
90435
30281
36053
1498
5925
12065
62009
16484
77588
43701
320
77356
76855
56532
6490
71555
20803
54289
76307
48292
22495
71871
21163
92348
2738
6005
89741
16574
39620
82128
35627
45642
79422
98746
15093
47547
86583
43193
94113
88215
75729
42842
39570
28079
3699
9649
57155
66771
14564
20263
28699
18332
86394
89538
14082
59424
60312
2873
99529
73156
24486
62175
69832
87999
99282
47609
99036
52231
36937
58631
51418
82075
76103
84753
61049
7194
85302
4000
81410
50335
1003
30933
5237
47983
59614
55557
68934
96594
61182
14137
5960
96195
29847
84068
56301
8019
76250
6079
62228
48859
9716
9102
80910
56409
85125
90341
36396
91687
2311
52451
1499
26997
87357
90818
92005
48346
92160
43110
72092
45126
8157
75788
43601
87079
60976
71543
38986
99497
33865
96580
58804
74228
41719
74532
50753
3841
24323
59188
71070
30670
50773
68563
61316
46763
39520
60974
61257
12294
83302
40010
53979
45653
47777
98539
36752
18235
56011
20084
65966
1650
87908
80076
35438
16438
94378
51519
45723
63145
32506
77122
41978
21112
40398
51218
57680
14985
62067
63311
36934
25348
36422
11162
54357
58974
79796
66933
67230
31507
83399
59345
41712
91663
43589
46248
84714
38245
25563
24592
75010
16544
46788
48213
21548
33670
68616
33016
37944
79585
50447
8694
54753
84249
54430
92763
36805
53424
56700
29179
28660
26280
51584
29895
46876
15709
95350
15010
79499
28220
46477
42161
59175
56032
56606
46344
45319
81490
9180
92695
18390
97886
45333
40910
58486
99826
41034
66879
49186
86090
17940
55122
8202
90049
45265
96282
25867
90276
55436
76149
24414
69508
23349
53158
9830
12290
45798
9270
4884
94952
81290
55287
95461
30888
11585
47335
4624
6798
68588
80464
44434
87041
77661
34325
24133
58664
84156
23499
29783
11917
13306
70763
51838
74070
50177
35960
34156
33816
96490
34209
20800
93387
75893
59359
52944
55636
4290
56592
77308
19821
89176
33279
15767
63068
8863
97371
79057
56137
53842
96818
75405
94660
29155
18422
18008
90715
31150
3239
99306
30337
62972
79612
78146
51618
81476
58693
14373
90098
7308
58549
59301
64946
48534
23577
77765
53116
24854
3332
89863
66424
76074
47606
63260
63512
57668
66199
66090
80658
86016
74104
83728
83263
91036
30539
98816
83391
52342
76345
26130
17232
49826
73772
44042
74515
77143
44286
52927
1393
61898
52691
36412
37461
40838
36748
22274
86120
62525
90680
37091
34750
53942
54617
53165
41605
16499
47641
11816
37924
87817
32047
94145
10423
26115
95907
36421
79648
34538
77554
80686
66222
24317
78688
60104
43767
44164
42667
4510
14365
37673
76367
13345
99124
30617
25956
63503
89319
43386
81700
23348
75241
20377
47939
91115
9468
52532
81599
79400
49436
33680
31691
24680
68771
62371
70974
44826
43617
15346
29395
73497
79497
21056
69363
80545
15413
73529
60723
52156
91457
10702
79323
14064
17416
91824
6530
28058
73928
42832
40620
764
22915
46566
69563
48549
30821
94227
49622
86980
43118
63381
38790
6856
13588
66546
10504
5503
73092
92652
10487
49263
73938
70966
20570
17559
42103
94183
26527
67410
88250
85143
84850
65564
67056
5210
16025
72913
41281
97129
8963
50091
31137
83237
55385
67402
32617
89136
44481
95136
3483
68468
9508
46673
40021
32963
94270
19799
10491
95326
33227
95322
57610
27451
43511
65259
20290
9046
38065
79869
52765
27364
21725
98042
66876
64028
8283
75103
65200
14141
78233
91364
4237
57246
82683
14621
70811
78196
31037
20298
55476
62275
8473
16625
56576
12283
65199
22846
399
49044
58038
41844
59781
59334
59847
44968
57149
99006
22349
17305
23327
36199
41201
66610
31803
69394
73269
34975
41243
61982
35798
56044
53055
22847
39867
54235
2907
70035
27277
88056
53668
82973
1959
74166
3387
80653
14138
80839
31816
60969
98097
65777
67065
43114
88785
56324
38435
23735
68181
96917
99512
5031
34193
4903
24402
74807
67345
28746
66905
26455
46241
89979
93979
85893
1347
73991
36465
77290
32130
92745
39284
56843
93857
46823
46571
45104
17975
98501
73386
80743
59639
56236
8098
45938
32178
64784
50816
98188
87169
33905
20582
29279
70639
83113
66921
59450
33405
60573
15337
22630
57855
85222
49833
74844
47586
72790
73153
42140
90185
3320
99164
74305
76344
86025
71819
1547
71921
63273
79855
57501
40480
23227
289
56818
84790
35522
83832
93928
20483
33866
9750
56122
62070
90815
28111
49442
59704
22473
69218
72413
5363
57685
48547
31877
64730
5326
69625
10312
35671
4320
45647
83816
60016
58726
39902
99030
18240
58390
84380
40311
97193
39061
55790
36335
93038
23024
31132
29679
40287
4200
59749
24894
88942
2176
17591
22301
33142
88756
37515
44597
84469
65355
72060
26647
42562
79279
69111
76192
13392
84414
91927
62924
28603
88170
64238
32675
21431
77314
32969
8581
75087
53173
23383
2775
67965
80051
60898
25517
19164
69639
87673
8602
85969
93430
67519
3185
84970
24835
79431
34403
26681
52064
28878
1971
63442
14114
66577
19034
77419
97669
17845
90373
29302
50105
9526
79193
10966
99973
64370
98408
77383
95346
40025
59279
36849
43711
47568
76290
16883
52021
59227
73627
8413
77016
41625
99171
97423
92158
753
38967
17949
35935
89787
83540
7519
60116
43896
53910
1144
42775
16351
39599
93701
72993
44146
26666
42479
17142
27351
14591
23179
15873
49922
47585
50336
63644
51282
81842
36248
7496
4937
53309
10602
51973
52366
61220
39839
75634
14999
17049
8288
31591
62914
73090
85985
72030
6366
53387
85551
82333
11746
8914
58829
2094
10804
80916
39958
36385
13197
69864
46327
35621
20451
63123
26409
18841
90069
51498
70347
73816
6980
57876
17523
98618
6492
50657
57488
63011
89444
52212
37460
66473
29184
41686
75583
68987
71534
56281
43719
44329
63041
42896
90725
90268
60572
91707
98785
59049
21172
22750
18147
24431
59536
60791
96224
50580
96518
10241
74142
7929
31701
60956
51059
5910
88901
23720
28715
50261
96969
66699
29233
10782
93102
84171
49030
84268
54890
33798
8414
68290
88024
92037
77031
22247
34562
8006
35067
69947
8899
11669
88397
27078
36757
12037
23384
80845
84230
43683
19688
70176
71651
71943
84080
74513
73903
8172
52286
35206
30056
5231
23709
11663
85740
48068
46133
35565
75202
51392
6607
1707
90428
17404
82124
30897
14737
12603
13678
2608
72262
90838
3066
92222
50191
87783
26634
92093
46339
41296
15698
7985
56336
54075
3555
72850
6525
87726
24744
18472
90846
16333
89786
18219
16129
75380
73830
4228
40730
55606
82217
81409
45470
23446
14160
41498
75163
58172
7215
26582
83513
74964
91765
97865
61519
67242
22262
27057
53512
92659
70543
45
24665
38305
10996
6352
15237
98225
12001
74431
83687
90694
33599
44943
64110
79351
4734
16091
7282
82928
45262
93246
61820
27199
36272
67950
16014
81092
20303
68062
42026
55151
98069
51319
29122
64767
30879
11049
74948
5174
61968
62342
23824
40926
84585
29684
26577
50805
57325
86228
80088
73583
17873
69970
46288
4400
7244
63715
42327
38289
70867
40953
62299
92178
26094
79836
98651
27263
61732
41363
4476
62520
17542
41716
88750
14172
75028
42539
84955
35328
7576
14797
40503
26075
70265
96481
78431
36568
2583
59126
53797
41520
82633
98421
62182
4470
49763
9415
43902
34522
51645
73239
41977
85907
2944
11986
77167
54310
70309
15849
28404
85050
77201
94782
56178
13660
96631
30266
592
71855
18322
18506
40653
56425
29253
83170
54297
6633
38362
4425
77033
46947
19001
60646
44861
42626
97286
36235
15181
72348
92974
4213
70417
78666
9084
82438
76780
73530
4292
79992
6618
2889
34187
26893
96622
80634
78850
4667
75720
41900
21421
25221
70460
55062
90196
42034
34224
75558
79559
31926
77191
93489
43007
1889
95074
46465
50137
91911
67304
87730
44887
83460
37775
52017
85941
86499
50594
12415
95095
82469
79138
18644
86614
1434
14245
25926
4518
27442
91969
12659
62327
31404
92900
30513
31770
58351
7816
90729
3171
74095
56516
17787
9062
36652
59952
90636
74603
27640
64195
82424
90171
75044
16983
18131
77448
8296
77449
25908
8727
46957
13338
87314
18331
78409
72334
31545
9311
6526
10799
83951
54828
98571
80709
25854
17276
70822
17839
55341
50349
90767
4815
45033
61822
72375
81601
15585
73182
13313
87051
75030
93003
44659
98207
9002
29872
10535
82315
13230
31011
45231
211
18551
25134
4810
75002
49594
35476
3818
40140
30373
44806
2970
20626
77049
60996
75040
71781
21959
45214
14330
60168
32882
93884
19632
4927
47670
9888
75434
4900
79825
6294
18883
94495
41174
57436
66447
14961
80578
99669
63418
35387
48515
75554
61340
26867
47000
19358
4142
36356
70330
33827
16088
28138
74210
94503
3938
30221
39467
59414
68007
83066
29448
23738
52521
33113
87288
47567
32263
24468
34961
97646
84423
3461
44426
54443
86551
45951
94682
3050
3165
18545
98218
75088
85517
25603
94709
69814
30573
58093
31094
73021
94915
40990
34232
63259
46006
92120
37512
76511
2105
10647
36042
4312
54446
10449
85578
60891
59958
77993
36031
3100
44978
29779
20351
56615
57093
57614
7877
78580
7742
87112
72337
88415
10085
94778
1781
69346
3454
67063
7531
78853
58409
1616
82487
78252
61422
12134
32035
56748
77476
61748
10401
64753
26499
77782
77189
94479
18019
15461
38483
25597
79725
59981
80393
61483
80119
21282
43161
20985
42205
20907
43930
24165
26764
79522
98782
56983
24385
24702
16674
21389
83764
2144
40197
66001
28150
26877
83742
39835
53112
23419
19143
63730
6879
31232
58285
70385
41276
43257
48173
39102
32852
20666
45316
80592
68989
99266
77514
94573
41072
30029
70665
47262
54801
29935
14866
89383
62060
60478
7690
6183
41596
51283
95515
29808
79066
9234
18079
17044
44599
87833
84179
58055
90980
17785
71133
99884
60664
50673
86868
76629
51297
55338
26390
34951
33875
82112
56642
46112
55463
33972
14775
14838
53848
26064
29471
82842
217
42223
19706
16771
4784
27730
21076
5743
16673
59458
33112
62579
64239
72678
9730
95003
79991
60416
17387
4645
44724
23433
20753
51384
45695
69361
67436
26087
24712
16215
72199
46000
11815
49150
67775
47380
95169
63078
982
55902
66095
97514
20884
8516
79331
20392
37765
75374
56691
87077
91264
97864
11618
29038
86855
44574
9066
93015
99426
92681
63646
30315
49649
50890
67623
95751
35513
79661
44837
28403
82501
32482
43785
96294
83523
53142
8565
68569
3426
13084
83761
5657
30400
61495
89431
34307
42392
49492
24038
90022
58825
180
64715
95161
68544
67688
34815
12062
99659
82529
10210
69782
24238
30261
9810
92332
70747
77469
28521
75424
15086
51991
56817
69263
43948
34015
55519
40264
64860
39145
97518
10220
87740
13758
30427
42579
30131
38957
94351
13486
54039
62745
76984
86460
91098
46256
94822
94729
27851
73241
7331
3820
74585
65626
61777
7711
7370
58834
31720
36869
87156
8916
3604
46209
60246
45696
72307
50380
74738
14392
54739
20924
24847
60717
20029
77103
18411
81120
85665
59676
64899
92604
6191
80508
21945
24033
53386
38219
93560
53302
77316
81664
52475
28819
68330
44455
14315
70616
82210
96430
86724
65284
28489
24921
59379
87712
15258
77310
50613
23464
56169
2740
7357
89281
25491
31241
39446
9456
63620
65090
18313
3252
77786
69594
37830
88314
52459
25447
35008
70039
11968
50477
10291
5160
11470
81113
10324
25737
57393
74091
91057
40844
41340
57180
86616
5562
59599
49980
87318
38747
18232
4054
28363
3108
25258
7806
29623
53850
51901
16920
32090
57938
2386
93457
29694
931
50859
86916
5937
84503
45396
36863
4438
28393
17782
74723
13688
94860
45807
34018
33160
63176
53812
79798
26076
41166
50694
16397
51025
21198
65798
46495
79665
26444
13155
58001
75885
94969
35380
38044
36891
61447
28662
22217
88813
9386
78693
98995
59378
37015
82421
93714
1678
64739
13868
14639
79813
40073
16146
11079
92011
68968
77455
19252
58488
66822
39703
25208
43199
47564
27333
30640
53102
56821
20786
84353
26570
86318
48665
43285
75901
86449
10971
93956
75117
21351
37546
65832
54829
65250
34542
48711
20464
3061
79093
72461
86074
78488
29633
28881
95002
36898
61014
19655
32885
31650
87715
45400
61846
53957
41172
44475
97693
62157
70288
55806
9387
64959
5098
3787
29979
30172
74632
63122
82766
63753
75185
77682
7385
7777
69940
12740
1215
6686
45809
2622
67835
68116
62459
94380
73980
17685
82707
74029
241
36337
70817
95573
60366
55864
37430
30995
22366
30497
57868
61092
37000
90133
30193
12900
94787
90849
93976
94062
68073
39989
41446
28328
41461
17962
1313
80255
17527
25475
31410
23927
57296
19429
71254
60858
66196
81662
65273
85561
62585
31047
29893
36117
54001
40496
46164
41188
5702
56710
69257
76820
45312
87458
64326
23755
74301
24697
46753
10340
98173
47735
82264
82490
43467
41496
51894
94906
14640
42600
97659
36832
54370
67604
97500
4172
65131
8332
7443
96804
88627
58987
84610
47466
50404
94156
77556
45722
31247
15611
97502
54362
21997
12632
2821
33638
64327
58428
47144
94619
34107
30600
22576
78153
78190
69603
12807
57009
54292
58502
37831
48065
13712
76604
21428
48490
12148
82337
74998
87859
74663
41619
11438
67633
94894
85091
70395
83033
51250
14197
14792
65635
1457
20782
10493
46734
6145
66865
1940
51721
43726
16606
13083
21754
67147
40850
15495
30127
95917
52261
19019
78545
56984
57283
54393
52108
90886
70198
65016
54102
83613
99518
20659
15985
75830
7695
23439
24116
2712
67714
35119
56897
17812
32240
2743
13973
97040
23452
81682
41206
6315
90189
64553
19820
10101
4103
38390
54284
57211
98394
16319
72974
98233
82764
25332
88902
92534
92647
95584
95050
89845
62093
24108
2976
9413
40531
54619
30912
96685
27025
38233
19450
78410
60626
51641
89230
74032
65359
36649
37682
87769
59692
98557
82569
42108
39863
38457
4804
47268
15091
36565
13519
9303
8831
59748
40131
95257
57578
5922
3731
75866
30454
59259
53093
48744
49634
6049
29988
27488
4352
81293
52002
52579
95795
34152
58938
88904
34716
34228
25707
90760
19290
31384
49208
97821
41738
49330
13216
65000
59964
31131
33322
70108
90988
41495
50433
31460
525
94185
82069
17086
21417
98615
13898
61455
82027
46956
40615
95745
78865
63621
37342
73151
14853
8559
61019
39505
53411
33589
29188
46894
31842
90560
82206
56924
42239
80060
48780
84272
80199
96474
74096
83734
20147
50531
50733
24267
33124
52836
10981
70114
77913
91730
34332
45504
40871
18305
72279
79315
71272
5293
90092
7740
485
39609
25788
72617
94302
44688
31651
34506
90963
9591
97077
48838
86119
19570
89482
72089
20598
79743
96912
6376
22148
10108
20015
91451
25454
79643
6985
23689
99538
31323
75212
44033
59783
31571
97365
14267
2881
77251
62735
93949
15435
85876
99721
93021
29997
10390
86048
81926
15510
26372
79544
63157
3755
75450
47486
90153
54128
89952
8883
83612
27906
25190
41335
9868
60374
25474
595
22752
94796
25101
61766
22723
94493
43015
88547
92457
1947
96565
30424
72295
12248
8091
59774
7677
68683
80885
81439
22339
24049
9301
89713
25014
54477
76732
58083
52170
13010
90135
85213
75051
62095
25023
25605
86773
54747
28361
69415
44888
32222
20848
53844
62097
49529
34743
87558
17922
60200
33313
2047
67287
70961
58907
26621
24792
28068
79923
16201
16649
17380
51369
36593
61444
12986
55966
15089
78480
20116
94280
90573
3674
85465
43129
56729
43620
24311
48754
74657
29292
76687
22212
33190
5405
50878
79334
9791
21224
97887
42608
4980
200
19129
53791
12477
72662
14943
35544
45430
77196
17467
12226
38609
47601
55873
45608
61896
64632
74004
1190
37284
38686
76796
2164
84572
34354
52736
88757
85764
7745
94275
21968
40699
62651
58867
90615
60356
78852
16793
17834
79859
36247
48033
74401
52919
69795
68303
31374
68611
9271
42644
88801
5219
18532
34421
58382
5462
47963
68780
90236
13892
222
36030
34872
28825
12196
23377
65255
60949
10667
18494
47607
59651
56922
46146
83370
21482
29585
10644
93895
37054
82634
12775
86327
26821
4205
81128
64004
96922
40687
48998
11461
57198
88274
73345
75482
64217
13855
13451
25510
74118
21579
96918
88934
80840
41491
38412
36068
35778
78923
27146
99536
84024
7830
92577
92614
30038
95463
95462
46180
21133
22613
96678
76196
83975
49534
96201
25738
1803
92927
21244
59914
5103
9170
18192
63043
50672
83243
85283
73697
69091
5161
31419
95984
49761
44556
8744
1496
24611
795
59118
51248
57537
51187
5596
71465
20704
42343
16566
91764
84108
26884
31378
44124
51685
51860
92412
76218
72110
4547
28570
61486
51769
12334
28401
54216
81648
93366
57837
78592
8987
15832
66762
81108
83672
10598
7104
54192
17021
50048
97294
46501
10447
96716
1082
77905
60363
89660
63901
26089
48081
4857
6598
12959
1627
36987
78240
5250
29197
17635
43880
54480
64417
80354
41278
46401
76783
23675
98616
41089
12067
32004
62118
27913
83444
83469
99252
18971
66866
5385
52274
81660
37836
17546
53052
99098
99205
5139
67530
64116
55710
84981
86060
96189
12975
37672
36709
56819
22350
57235
10531
2855
15344
93578
96273
59132
17507
96361
19931
79146
22836
25027
76701
1270
61850
4956
76766
72104
27454
76059
91188
51575
54921
45408
70335
41604
87088
58606
52233
13175
95523
54937
59777
92038
34460
17228
66640
704
49107
10646
12264
83932
4453
87802
49212
68173
95617
32958
92928
72951
58184
86993
68517
67878
43464
60668
55099
88470
34211
14366
22900
55558
76311
20497
78119
57311
41257
21851
60582
71967
94812
56440
12866
12452
61675
67071
90037
23985
73121
56571
74266
48069
28453
34447
35655
54051
65587
62125
27649
12165
77480
64789
51199
15433
72585
47764
83670
94110
43393
91613
20572
69959
91617
66989
93720
83328
11568
48333
39879
66212
4589
16153
19110
46928
32825
8023
64897
64319
98376
12797
443
38557
99217
68775
33213
36962
87445
27045
47063
88001
7820
71194
93497
38177
85805
24757
98399
50454
37729
50149
67518
60897
76810
86574
97224
62455
51579
62855
20337
63290
47715
21037
77602
35969
76684
17655
92924
19501
13665
42295
95820
19484
3188
78763
80411
15467
98805
14904
92682
1607
62833
78963
70976
40471
22357
70291
86349
79503
63163
80171
29221
581
40947
25666
59860
84094
40718
41123
53871
22122
80110
25773
78162
6173
37445
77414
80902
73369
2778
36261
61512
21281
28771
56468
88477
21469
21741
79847
98526
50626
7053
22607
84747
3353
91415
79735
26081
3548
80116
6392
18924
22559
23536
73958
12350
99808
57276
98282
95938
18013
11307
68388
54611
94392
14123
88458
36766
94920
3622
35958
86043
67570
80552
16708
27128
94339
84489
32818
6907
84300
11550
49254
54577
86184
75584
20487
98701
93336
47618
6100
57003
23632
54316
7798
98091
92442
83336
85090
28087
54178
94362
31612
53254
59322
58691
79892
57372
30885
73010
94910
24923
16849
98478
19324
35745
69806
72524
92262
86592
49309
1278
94297
43354
53722
30527
81725
6481
59163
72191
11554
49755
11996
38088
88838
97980
53375
40453
91880
98212
87180
53968
14226
90558
38080
74484
15038
55116
9995
30925
60367
31837
7988
58811
14924
27843
61169
24826
22066
64185
59849
12741
21051
94934
69121
85306
57397
9815
43264
78741
23418
27456
86095
74659
73850
73659
53373
24860
84879
18840
33903
98244
74286
27268
913
8450
90860
7445
47717
86469
57217
14937
36327
10472
14168
31478
38602
79157
97903
2421
992
713
79118
24735
87826
99047
26260
85917
88251
84243
17605
79889
43273
48448
53247
4925
46361
19704
31358
1829
7151
54437
49655
78635
84496
92228
84619
32153
12995
10359
25151
59063
76473
2065
86508
15663
75325
43341
85476
57334
8687
52302
66406
44508
48456
66542
7347
37778
76504
34707
27952
31050
21472
81487
91452
18081
53078
31472
87931
75610
90842
35379
47076
87587
54456
4216
88578
55904
19712
98443
87396
24122
90207
73015
98901
52606
65419
2922
6545
57534
91561
45761
51085
46946
10557
87290
62504
59725
83422
40979
60222
32697
85672
96881
21227
91251
95602
23186
12010
58105
51875
84006
17634
55648
36656
90854
88771
13972
10084
30503
24494
98984
15992
49860
35406
87589
59173
16220
27474
65681
4840
62165
54337
90658
32140
34348
57587
79906
18868
27814
40084
63504
33884
65899
56179
18846
26459
30877
7032
37294
77511
77020
59077
71300
18728
85817
66928
74829
93469
89568
99221
28849
26430
72943
21311
29571
47070
80324
96408
4769
64056
15668
41357
92416
26937
75408
2936
13620
70352
66455
11278
50585
9167
32320
68008
2521
11183
88761
82338
86607
38026
223
34976
10386
65990
64923
85853
24399
39212
8528
2810
6728
84275
16745
41316
93200
76385
93877
11594
73475
49877
37451
47511
51820
84069
51999
14723
96092
18583
59623
87302
62323
65414
42561
14697
79021
74312
58472
71065
36367
67741
26395
33356
70142
83327
78086
43106
42160
64603
82449
42725
11912
53139
40642
25898
27979
28582
45682
61140
53629
79867
6224
35385
26595
95223
37644
90315
12885
69045
61712
66250
51086
40037
50377
66742
48881
29006
86275
69570
34286
77844
70723
81252
86547
71201
95013
92496
83062
44648
44073
17996
88898
70778
59540
57368
27737
74588
23587
97148
93921
21632
32094
22434
63394
58705
56042
43224
71643
68251
12749
63809
47540
16036
95962
15490
17327
40828
81195
70539
54158
32576
29705
77004
44233
2390
47786
55923
56099
79769
96893
74851
90684
54200
57089
29495
13233
83585
87916
36052
53162
71924
34359
17777
59785
19964
73919
88263
13034
90870
21838
50665
2326
86176
5604
83317
14379
74805
28547
15111
5933
24061
24895
87691
40388
5584
98658
70273
16389
72715
43824
20007
31338
18969
46757
37229
53452
7982
35233
15406
97657
31962
9570
71573
61513
63293
13615
75838
2980
44983
59576
48890
77269
45518
59067
34931
88162
21683
48369
94230
14143
91422
15680
26200
21612
78884
32860
91107
52417
14739
26025
37781
11446
7126
62389
42606
75370
13421
57029
23721
39231
36392
33775
82227
98769
17405
23203
75581
55037
93871
47945
23869
73886
30567
91953
49195
48350
59184
7262
99802
64826
51474
87998
81263
37042
89320
96323
73474
90736
5356
75166
21162
66897
64571
38383
39564
67752
307
7494
22438
88452
99466
57277
68394
95364
67146
74069
30923
22182
83551
75407
86441
83705
28287
74672
40306
75588
18623
28973
12737
24098
47814
64422
22141
24332
8302
88368
14577
67437
36454
55836
31123
34487
57446
56701
8095
56157
56529
41950
92896
91315
72022
37946
8503
78773
7097
71285
62706
17971
6541
39884
58179
15697
5905
67926
61941
97725
17550
62316
47122
48529
34546
50837
39792
88342
76631
43124
64049
62232
62062
21212
29822
47522
95964
3996
63997
97276
21451
41909
25256
34561
81876
22650
83967
79336
34092
71789
11455
69882
91210
36959
89278
75998
76026
59391
77847
29939
84429
17212
2372
76397
2192
40519
99151
4207
45070
59367
22929
7979
71702
87493
47667
24653
4966
65105
34761
61382
81451
41697
51794
28910
67973
39064
35804
20824
99203
85956
98854
1659
99072
66032
21405
16337
45620
29733
17114
38679
13098
57594
45536
44805
94023
85467
25063
15192
78675
46812
3895
96937
21859
6351
63836
88616
57737
57057
87018
93875
36655
69305
91174
76142
66064
32726
92135
46033
7933
16522
16761
64037
76530
38880
30167
59086
41330
83411
5400
85521
55423
12780
2667
93849
90567
28035
57817
300
66643
77171
45140
95928
6700
33852
23272
51107
50074
37222
88808
68069
809
93440
24326
72422
6455
95562
25046
49731
58183
17050
67955
12713
70793
91180
64111
2769
19295
53046
94293
96332
74364
82591
47424
12926
62457
30448
55913
43916
94281
87017
66962
66115
37159
4601
92629
97753
6064
53275
53947
7556
50722
77851
42965
47460
16660
51280
31824
51937
66423
4295
40811
72908
42677
83535
76535
87830
24213
97006
87951
55350
78598
98044
28567
47616
33252
36830
68326
15763
64985
15582
30336
39769
35821
29813
22462
61297
34047
96281
44709
86309
49727
95608
65182
12776
41372
67624
88927
32330
50555
686
79019
9968
17713
21121
92831
29719
50292
75416
62499
4100
58694
14024
98829
66903
47660
1583
92105
76731
57249
63020
27559
59647
82189
13049
506
80451
22282
28176
91532
23650
31439
46851
58850
55760
89617
64913
98468
24173
53168
56867
2193
70580
92034
12695
92040
94747
42285
27299
72703
30765
10256
4052
46074
15699
41628
86466
73028
74249
67309
34903
44145
93265
76864
38037
30401
99638
71169
15224
22185
57969
81603
45617
22617
84643
12475
37851
20678
48343
14679
49173
94785
11072
57020
16413
33139
37725
35311
38853
76742
10877
4969
10297
92702
76561
11064
19831
34130
74767
49973
29086
90457
78206
99239
9038
53987
15846
8680
45192
23730
8656
89407
91406
72613
94169
16168
33008
26492
30540
64027
50867
49654
35383
2282
87521
85666
36775
72868
59714
55624
68962
85541
37316
40770
18179
10813
92942
80317
16988
88374
15213
71382
13052
12537
31222
70363
33250
22268
20058
61325
63183
9272
77775
72498
42117
42478
92953
69033
88667
48161
87190
42740
46611
44770
48794
54002
39137
19747
94458
51593
76571
92562
36519
54403
39417
41152
21083
1473
71189
67188
45377
50347
73700
96754
68252
40544
87383
51619
99454
82684
82402
18392
98536
28952
67000
23478
77282
38592
10567
58968
68642
32788
72310
50350
51286
2485
97717
49185
9017
14911
4316
54257
90403
22469
39358
60841
91286
11532
13335
12795
98086
89776
11573
41780
28285
25340
69286
89040
8084
35682
34871
14735
51648
98811
30672
64189
40680
50363
2375
74320
41514
17215
84662
96773
49272
69351
18059
71689
89120
96957
8522
65818
91559
28059
50636
52559
88899
86531
60881
31060
57261
27342
5191
19762
51615
59906
83288
56266
76751
46857
45173
86655
37588
43196
69648
89162
7611
23495
7422
96275
1240
72518
47671
22151
90214
56913
34027
44720
5374
16814
9802
3671
21183
58682
72582
29454
671
21308
97059
85914
71824
97399
45336
93646
20561
54303
10315
88412
22175
97507
75015
78671
18415
75751
65183
74985
94296
29443
53796
5558
40543
51799
32199
45090
90879
6269
12035
28043
60952
22427
72001
32334
21724
87724
2323
15654
65275
26686
68574
18857
95160
59650
28462
97232
28466
89258
93288
42310
31497
11189
42862
96897
47600
89683
4516
48544
45740
84670
83781
3434
23022
33789
88723
5094
3968
17599
4591
12575
72150
90938
61623
69193
91766
76043
78715
72040
58555
59701
72731
71292
21942
93008
86231
36905
13506
86265
70004
84250
17063
13809
11519
40771
75560
12214
50265
50001
94738
18190
37699
26475
74731
81670
43231
63880
72472
50358
13718
55109
20720
18540
91460
59127
9976
8036
17864
960
14466
85832
76546
20347
27095
83902
29611
42737
66971
68230
96166
12344
73325
50019
61555
62448
90682
16419
69438
47079
89489
97173
11431
92491
73171
26339
71084
27606
68905
48188
22284
55311
25646
47928
89721
52223
17378
73287
70007
36086
74949
35090
96802
13164
36986
74046
66669
50111
51124
34695
32978
13314
6200
9800
97064
90311
90911
81246
42321
68489
24566
53284
32888
22610
21148
56355
31381
16212
71218
98941
79002
34679
1625
50481
82803
98735
80122
40171
43513
71362
15587
31172
85258
27796
44411
26600
20120
58343
90287
66164
49536
84368
4266
11879
50643
79364
28007
7561
76123
1052
21441
57075
47811
67350
96086
31059
12142
42580
29016
87597
38424
65515
73751
54027
41100
32393
10816
79973
99873
71735
62708
937
15552
37549
71336
29482
95262
9199
37109
98378
14825
32620
78687
1030
55011
92306
33699
57724
96272
63702
12168
47738
90319
72073
40520
56095
70882
56753
33811
58534
90063
62295
85383
84372
12149
80312
90051
28968
80482
2616
48184
46783
45314
81038
87225
2671
46303
93746
86491
79927
17359
8356
41831
55936
51953
70552
92725
83208
70525
23597
1442
92439
20276
74363
95645
5502
55908
3955
30256
4695
67640
9449
21567
91875
67748
25461
57920
63920
95759
38979
4809
21268
43057
64093
46539
79330
84283
52478
23171
43447
83321
56219
70892
62142
4606
21545
91433
35100
811
65149
80812
67338
80715
79525
37446
93591
44819
51726
32356
66645
36436
40928
85789
24292
76646
23716
9412
78663
63748
64005
89399
53467
51276
53448
97159
25303
9775
16292
78308
72515
22306
8721
61669
43828
81931
71944
916
21949
99609
98637
33169
91606
9197
50035
1654
40175
84645
39392
11233
55677
55434
91841
99674
39988
3358
97302
98088
63919
16780
4899
29775
18794
78357
98217
53718
82219
56413
67489
70219
4740
66682
85540
43321
90285
47780
66428
77475
32513
51317
45942
20699
97272
13021
28722
25142
93880
5556
24632
29387
62278
4637
81164
68560
62315
44536
41504
51485
91514
14332
53581
11146
1338
1353
8501
19279
42261
90068
19675
81462
55169
1037
64229
19020
4289
48876
39293
76657
79720
88545
33844
12669
55794
48182
34267
45077
8452
4124
8207
47785
53148
51792
31114
10433
69301
22722
92656
46622
8671
10063
69354
48527
33457
34967
29863
92042
57599
38662
91699
7123
53775
50687
60637
59187
61300
10307
36560
7187
23142
63894
466
92396
92920
4650
79160
96423
85313
32750
63732
30737
47307
22831
85687
60807
93494
4986
68580
74098
97051
28337
58119
52818
31646
12909
76649
46912
15072
70686
27426
98049
35553
18862
73123
13048
23126
86526
7376
12310
11113
59387
21114
93932
51166
6506
18538
85093
34705
65280
25462
53700
21952
95325
67129
38939
37901
2914
44461
843
99291
76526
98269
69551
5054
17341
44211
38924
74002
36777
72411
29347
75789
70758
23845
16871
8819
73209
89349
2209
56909
13492
67832
87599
17418
82831
16303
802
69703
80714
83557
94009
26105
76104
98404
31692
4683
3889
4742
87701
59973
76309
67244
57360
63825
17256
96513
33197
5614
642
63518
99048
2412
54167
82265
2563
95556
70601
55307
90629
48175
54635
80533
52998
66527
47611
41138
26611
15370
61643
77057
5133
64127
74677
55879
40344
54686
77263
93917
95102
30834
23928
57072
72325
61686
19104
96788
26986
33096
18778
98979
73197
22314
31034
1291
30100
60391
23237
66708
26939
19272
69428
78017
43029
38122
22130
93872
92203
11862
88135
43139
89132
32104
66646
12991
78484
28447
5542
85076
87248
64727
40887
41557
97115
3837
90415
4255
27420
32374
97515
1238
65826
8056
49546
60123
34639
73514
89275
34681
11505
52288
30949
49281
64179
98865
20162
94153
5172
49685
20908
47111
3927
3088
72858
63539
68667
31678
23299
27590
97854
84019
77326
68545
18536
14438
55256
60176
5267
54127
18156
71674
72184
31510
85525
34508
69854
79752
24978
69018
45131
26483
69927
37435
85489
82608
75556
98326
87728
42485
38812
78262
70942
44319
56382
47113
88305
2218
85623
37855
55630
28780
78318
29721
48423
87080
30091
82345
96946
98971
49893
99639
81068
46499
81689
79472
5789
19053
28725
88724
32748
78831
56489
51380
49962
3529
80448
50169
45988
6299
43549
66545
86260
78833
3757
92885
26703
1521
86306
10868
28615
86722
69367
10582
27273
5421
59316
34290
21890
91516
30809
84416
59151
25753
52697
75840
48558
26205
98944
58339
7974
5563
78625
59383
92854
99193
98052
25029
2634
36498
19251
6302
15075
76078
8598
38279
43062
35979
56634
76275
95646
63164
91388
91391
45471
88103
11704
1597
37610
87360
15719
70120
27165
61428
24574
61397
80835
79083
40806
90571
47336
25659
65380
7166
52147
62345
33893
86569
11459
11472
57569
41505
43524
8961
20189
35408
34293
6810
62721
98294
39880
11697
62887
67635
22475
47064
33640
82763
11641
7021
38061
24019
82118
97308
19144
93212
71167
17464
83718
19479
13422
72267
75500
90523
13449
89681
4957
99075
68092
11942
62894
63361
8312
94346
19393
97730
27977
51318
13582
32826
95750
45848
98315
93299
35859
82003
95101
94516
61205
92651
17064
11463
82783
23584
80757
89355
99554
64420
23975
18453
54012
79935
30709
69971
78568
22375
72117
22162
64735
5679
59684
24993
5
6092
57598
93174
71460
38846
7780
11171
81157
54098
61216
20193
4090
54380
69661
45709
4258
7056
82411
30649
93361
86109
28126
40450
52767
90286
91569
70805
65858
92861
29749
86339
55223
16444
76268
92349
606
73731
68907
19926
9644
2939
73459
99719
97132
16811
97588
59954
81217
49017
81486
45335
67373
78733
59024
24742
27597
80656
43505
33367
43855
79053
37240
12003
44784
53109
57864
52323
47099
63244
48061
96255
34158
31167
20941
35114
25674
68919
95311
87705
74377
82394
70476
36946
91833
59588
2879
63726
24552
6897
89166
64145
47805
51670
36562
46471
51246
77224
67364
50041
58262
55126
40409
64980
7100
30978
88095
52082
39253
51200
58761
60195
4554
93408
23351
47384
89395
5670
12250
4498
40105
65249
34875
3110
83433
25558
76109
67537
88460
13106
410
36743
21089
67957
28682
21681
97607
50086
59157
60368
62926
20395
83169
28946
69986
26354
30104
87520
56155
97549
76341
14398
74005
24927
22226
56614
50972
33451
35081
97766
40530
90008
67432
86587
80775
28127
38130
1228
49445
8923
48723
88194
14833
77672
32431
46916
3703
33948
44513
46674
86929
53528
35777
78436
77585
95445
70038
13144
42230
75171
69072
75031
74450
81687
26000
80423
31408
66211
54031
9382
84453
69712
55996
90380
14768
82123
63102
81869
93622
19596
49807
58446
54614
46585
67984
67819
60917
26700
84058
79189
31428
1906
61201
41927
67666
87273
70615
51716
94499
46514
76688
5647
34091
44210
99429
57370
17476
98712
60500
88679
59718
27677
47107
81197
26709
94621
77970
22376
10409
54980
21232
86545
40224
28442
96290
91558
44369
99703
6757
82901
80408
97431
84535
81110
4343
80861
88953
52316
31138
90771
84776
95293
2779
27174
87128
39812
57090
55625
37900
27921
17032
64984
9536
29659
14740
40481
240
2632
40043
90455
9050
65570
25846
15604
54166
25223
40345
28614
27111
71636
82929
88028
13431
56123
44922
25637
85557
40147
4891
19899
2102
18809
91874
78508
53732
39006
88429
400
35201
20608
93796
83720
90433
85724
96059
12726
69569
7013
58893
53534
82353
2672
55780
86815
62698
32114
38802
98155
29320
31564
69456
55659
66028
97189
13039
82898
32694
16744
45628
5369
93383
19317
61833
72799
38218
53794
18358
22696
74031
97020
9761
88588
63873
30904
99684
23994
55885
64711
29744
83573
45603
75641
729
15124
69418
7440
